6.358834993130758E12
4.1844907903757593E12
2.614528452284761E12
3.2517191562451245E12
2.258106000677418E12
1.3413479168512166E12
8.900034696516871E11
7.330888701580239E11
5.93761963960066E11
3.183144641749301E11
1.263097102382808E12
1.1602053781968394E12
1.4125211248257043E12
2.6600646331691567E12
2.0563775896515408E12
1.5120242413031707E12
1.9250160890039749E12
1.243146812686472E12
1.0032928938773828E12
9.432301193414628E11
5.616396762324458E11
3.656484023256977E11
7.623950228649709E10
2.1296799153161868E11
2.5718174978328244E11
3.070957326632951E11
4.396997302379212E11
3.668575050675121E11
6.701261106197924E10
4.815699818608046E11
5.389738458448359E11
1.829184440810581E11
6.283287199068339E11
6.106588045673666E11
3.2231292517649866E11
2.1690941347646268E11
4.4208313675769464E11
3.096327331733323E11
1.532008783808232E11
3.3180715140837946E11
2.4780488333618912E11
2.782744193039294E11
3.750309468938208E11
2.680193554387366E11
3.7891160102235486E11
6.982736623972997E11
4.8462488930604486E11
2.6729575786976187E11
3.5612721550938055E11
2.2182782107332202E11
2.1653484356507523E11
2.9068914649754205E11
4.420821210054582E11
4.948453881651636E11
4.973612614631687E11
4.2456604815095483E11
2.435935245300629E11
2.951426837848969E11
2.7051416578203522E11
1.351676638478727E11
2.872891448594038E11
3.037306551478164E11
1.8016582168922034E11
2.514410534029568E11
2.8545218760462115E11
2.77413648568174E11
3.072539106756317E11
2.818873681864351E11
2.5220169517557166E11
1.8480580696465735E11
1.0689373745900568E11
1.1211673914242815E11
1.1355013653488344E11
9.093116626564699E10
7.803364088544753E10
8.743150964200742E10
1.2289319708065598E11
1.501969794548888E11
9.02908186347304E10
4.987805921834072E10
8.543486326635435E10
6.472803945032901E10
2.295990572892832E10
4.449124863203955E10
8.105749886190868E10
5.377542701051607E10
5.0533531262374435E10
1.0995511524709467E11
1.0403365196965929E11
7.298301135365727E10
1.2084204730410957E11
1.0973549596524542E11
4.180429989023294E10
3.792344577842715E10
1.0130335101095177E11
1.1627084999154243E11
1.1193236611484369E11
9.665480652631502E10
8.96981165070869E10
1.0536427805776295E11
5.848428783748066E10
2.2563808473068684E10
1.6259646931163446E10
6.3644415972292244E10
5.981277197937805E10
7.8240862640272875E9
9.846985971448978E10
1.4390155165913376E11
1.1333606111528377E11
1.2111684719568384E11
1.6501522230415372E11
1.312747433653556E11
7.182807144211856E10
7.35479344495428E10
1.005514062715583E11
1.4200764603652344E11
1.264105820465041E11
1.0418367073960277E11
1.3623563057353755E11
1.1267933536499953E11
6.4421082694304375E10
4.918137728453073E10
5.777611771005558E10
8.603006968519771E10
1.2431698272713689E11
1.1157137499158524E11
7.496225047030884E10
8.928691601956503E10
1.2828856240216469E11
1.1678961000441849E11
9.6363441942775E10
9.804444861296709E10
7.477108818576515E10
6.241748438690884E10
8.533719293499272E10
9.238145990663768E10
8.897711972184814E10
8.173547119130325E10
5.964746244629336E10
5.759324086236493E10
9.555396354986949E10
1.06512018230538E11
9.122984702749948E10
1.1341904084943689E11
1.0507193059236499E11
7.742820324366295E10
7.932890504518916E10
7.335858364797781E10
4.9816189042948166E10
4.508584111844703E10
3.630076865165039E10
3.27455071333213E10
3.8034066266733894E10
1.6905636633194761E10
1.1727587571306282E10
2.9425528197696E10
4.494543271406932E10
3.160006788043837E10
1.4357690399043343E10
1.2047185995841259E10
2.031630932764259E10
3.896656485143059E10
4.191291501543306E10
2.6505448758821472E10
2.1210147795886894E10
2.037655443641732E10
1.1063159600143385E10
1.3348571959764286E10
1.4911392232955067E10
1.8145290460832005E10
2.0818827568958454E10
2.356209236708039E10
3.2184375115408375E10
2.9019318082701176E10
1.0748316653818935E10
1.0857884472560783E10
3.3404123511110225E9
1.553942088929396E10
2.175405333948441E10
1.9456144971219666E10
2.4420199664305912E10
2.2471256469135017E10
1.8194197769377304E10
1.7421931470958607E10
4.822019817697613E9
1.2360087998909403E10
2.2851402757781006E10
2.0889472507137268E10
1.296531074194556E10
2.3541427265262657E10
2.7690259741870373E10
1.1937962726460306E10
1.0923885071292582E10
2.221825540202688E10
1.6670405164954725E10
1.1813227888183954E10
2.9868245609567135E10
2.432799421881701E10
7.008635810675774E9
5.953889536174695E9
1.061648259666878E10
8.027093898719278E9
7.485602743921492E9
1.1274540024909332E10
1.9355771700963676E10
2.7490625277466793E10
1.6536210239129362E10
1.4547034378847628E10
2.3654370502150208E10
8.281410574041497E9
2.2982262510986862E10
3.6674719751764015E10
4.914691331868575E10
5.9401676706155174E10
4.262208498217927E10
1.4942310316640198E10
9.98724948048881E9
7.145659731770797E9
1.5657744880292192E10
2.6056861580176414E10
4.399479468540079E10
3.722565958721784E10
1.6979503715739227E10
2.633043626266763E10
2.866883734157945E10
3.1521474039019154E10
5.0164857738604805E10
4.843929175752677E10
4.759857131147714E10
5.721737285732928E10
3.2340920915382023E10
4.92216846756386E9
1.0736094127726881E10
3.7321398239096045E9
1.3026431638861895E10
2.7489809692255806E10
2.1934091038718067E10
1.4690748599951847E10
4.81767956181997E9
2.8913253418475708E10
2.864257407520971E10
3.547512338980708E10
3.453551413686327E10
2.826898007159068E10
2.4960877232937927E10
2.791869816456153E10
2.4076445055188503E10
8.327615904232033E9
5.9575576985756235E9
2.279383741757398E10
2.850634969308149E10
1.088803940012549E10
3.2230404297837227E10
5.025010585424261E10
3.25733355772362E10
3.160050269425027E10
4.1539515597647125E10
3.3912224390889748E10
3.608017741049059E10
2.6351642429146202E10
2.798734075385501E10
3.156725671988327E10
1.2572434162084862E10
1.2012147776578487E10
2.5799878897270817E10
3.1731382280880577E10
1.7056071840342863E10
2.2160704247119507E10
1.6875516792463078E10
2.7391885308746346E10
3.031363226932628E10
2.388256018787533E10
4.491921126917024E10
5.982053411326856E10
4.955885430218233E10
1.9907065320059284E10
8.0125493396623335E9
2.7487813070832237E10
4.9770625428194336E10
6.593072420062057E10
6.959731111238004E10
4.112535702538683E10
3.008191622229861E10
3.946419323216089E10
4.136881621594652E10
3.623153735412029E10
3.039435797852731E10
2.5791584596406677E10
1.4397782185139174E10
1.3578439577459417E10
1.831028897874113E10
2.901924826305225E9
3.701764354889614E10
5.1746656306630875E10
3.326590732596529E10
1.4218726462625334E10
2.8150303041511364E10
2.352257456781896E10
1.0654904980518728E10
2.4862861822534775E10
3.562418458138681E10
4.7884260751517746E10
4.3714909086266205E10
2.464256839142837E10
3.336437591196969E10
3.662911622231424E10
2.9612755573874836E10
2.4078073600699284E10
3.2002241421816113E10
3.5607146390597275E10
2.7158242014170406E10
1.951912387977153E10
1.6211196307569185E10
8.317993422821096E9
4.087665480177933E10
5.3669594969648506E10
4.7434356515969574E10
5.3332157111815254E10
5.31286379545106E10
1.847467394842262E10
7.873130152029154E9
6.476967783275027E9
2.2307852531471214E10
1.7786984442460403E10
8.172508010216084E9
2.5201438014484173E10
1.7003034937631824E10
7.358218484735955E9
1.9548440417148895E10
2.4581890860673214E10
1.4601415986088423E10
4.007537428565936E10
4.674714594494544E10
2.717841807455571E10
2.8584092882340466E10
1.785862898026152E10
1.0879604058789043E10
5.443249570495205E9
3.606054374986915E9
5.903416149774415E9
5.640980657554839E9
7.951229882019197E9
8.198354554502988E9
1.1746148390015123E10
9.471955688238575E9
1.4397591643171953E10
1.311169671601943E10
1.1895423409637844E10
1.7767793888791245E10
1.860264458000926E10
1.3767434459937824E10
1.2859552469307623E10
1.722037258203481E10
1.5696571765217012E10
2.0766735933928158E10
1.7965711687812447E10
1.1584767226477922E10
4.091643478960347E9
1.4145742480574163E10
1.9539716135852303E10
1.2214011079936417E10
1.4257378928002111E10
1.717735788881581E10
1.5516825537685255E10
1.4621837160304146E10
1.5882095503408623E10
2.1508835034099598E10
2.5852139736631252E10
2.402459811515144E10
1.6960275087584991E10
1.2280234432336561E10
1.550134992714536E10
1.1592715918427649E10
4.700480197090617E9
7.257746361026164E9
1.455229779036034E10
1.808432553135529E10
1.4760476785260046E10
1.7128506336618717E10
2.198471146499469E10
2.0876540777745335E10
2.7269088383282413E10
3.226897540375938E10
2.527924830041872E10
1.7530359483178097E10
1.4857230635001905E10
1.010767555692457E10
1.1582678807416977E10
1.870797535575025E10
1.379033930662259E10
4.021431475047791E9
1.7547111095135902E10
2.0516052196215023E10
1.4239825934268486E10
1.5514577094607887E10
1.9181156581520744E10
1.6631159726856049E10
8.202095401997832E9
6.132070922461532E9
1.748127736415259E10
1.7031475607382164E10
9.248495197244772E9
1.1325796966827377E10
5.25328105047716E9
3.467052413254933E9
1.1300968686691843E10
1.9083369697858685E10
1.517457163378213E10
7.434307489533473E9
1.0879321132167997E10
1.1289180663698961E10
7.730973615758982E9
1.1881909088734749E10
8.945961273981216E9
7.526878743633054E9
1.5051113199284498E10
8.554758567693915E9
9.127898863772333E9
9.703492572868664E9
3.2672521197906523E9
6.984614348343529E9
4.120046050350326E9
2.0550241524700478E10
2.856489410533715E10
2.04839915089797E10
1.0182011340075708E10
7.886077122140392E9
1.3600773145697802E10
1.986022473512739E10
1.796337545099415E10
1.7845247303198612E10
1.9867846919920597E10
1.8009430008094852E10
1.4658513640376091E10
1.49370004956819E10
1.5019469299680748E10
1.4379513517930883E10
8.206578737954793E9
6.542427097139322E9
6.918778099271187E9
8.337426975841167E9
1.4772607421940847E10
2.371871858671326E10
3.146432491356267E10
1.7740728890928436E10
1.3466418385038332E10
2.9989236235932392E10
2.7058882079091778E10
1.1104339642772585E10
1.3792746211705732E10
1.6031314811437096E10
1.1414435739478363E10
8.415179647903656E9
8.476342450847794E9
5.502810620708897E9
7.749174448516919E9
1.8579654668380314E10
1.4192267873315327E10
6.628688199696701E9
1.4609339519435984E10
1.3531861935769697E10
8.293731599793906E9
4.470662865706867E9
4.697180388622127E9
2.9057352108454556E9
1.3828865738939605E9
5.357006508442906E9
1.1313686572838966E10
1.5685842519150593E10
1.4957618526718723E10
1.1638999404095406E10
2.0456863445781075E10
2.419422616625901E10
1.6765490768605661E10
6.472787556617992E9
3.5387654845665774E9
5.344720031733025E9
6.80905781326639E9
7.873064569302313E9
6.0867957712657795E9
9.797451215511806E8
4.354867717091334E9
2.231197338846148E9
3.416020826216507E9
4.0590558712145214E9
2.1431549899462562E9
1.162658191624967E9
5.304773142473213E9
1.1019386306088629E10
8.69655777792924E9
2.7013341700318656E9
1.5352142164329417E9
6.523612581614252E9
1.1893541983572062E10
1.1495587523549013E10
7.192693740371241E9
8.413695372667848E9
4.550123570111871E9
3.005996688307204E9
4.937777930315296E9
8.135885494144765E9
7.470181634192694E9
3.56900831265257E9
3.688344470627438E9
4.548076926676737E9
5.542535695787332E9
7.390789427469522E9
8.628396293605381E9
4.627087705672035E9
7.211613701344628E9
7.797761250835065E9
2.814022740043021E9
6.930258670701206E8
3.154840500463664E9
8.61678385774226E9
8.501356350340377E9
4.600167936764677E9
8.298074886485014E9
5.952878859718636E9
3.788976428925181E9
3.4053825420946245E9
2.6539437290215373E9
4.596616007252874E9
7.257896803774184E9
6.53481690389015E9
4.1134740495076556E9
2.873749259835568E9
5.110315949496333E9
8.474350114324909E9
5.614640854151104E9
7.592227997952559E9
6.164594385131339E9
2.8481666024321647E9
2.5653701491625366E9
1.581006533744907E9
5.127199420320119E9
9.441056343631979E9
7.081532038312389E9
2.4808189114248624E9
5.489802987533889E8
2.58743471650207E9
3.0512961735005403E9
1.333885553172085E9
4.507435319596145E9
4.374455152457624E9
2.1055893975040686E9
2.942870777885054E9
5.395778926311583E9
6.575301983360258E9
3.8074026006797132E9
6.660837064809053E9
1.4754809185930613E10
1.6268358942369677E10
8.625969481334492E9
7.009325673465816E9
6.402054076815692E9
2.4412195585241637E9
1.3041693465961957E9
2.6306306798285475E9
5.804231660059348E8
7.187109466241964E8
7.928760005600759E8
2.577915292876491E9
2.852745004069653E9
5.485713296440155E9
8.56103625907993E9
7.138025379069954E9
5.912661789876816E9
5.886286023796496E9
2.912837437002646E9
1.740558316891193E9
1.3810292253480592E9
7.216577741746665E8
1.5116667018452972E8
7.190853347735472E8
7.20552630786629E8
8.907300913661442E8
2.811943279551819E8
9.21889535821186E8
1.230954293972184E9
8.384692120874256E8
9.016005491249576E8
6.171857256488162E8
1.1030591282539105E9
1.9669998528166447E9
1.551753860526454E9
1.2074486184337182E8
1.3051267994868255E9
1.717546336454182E9
1.2492562623838723E9
6.935097715222967E8
4.121859916517635E8
2.172534472559602E8
3.2253341094216496E8
5.204471772822058E8
4.463278848107729E8
9.795105215577487E8
1.0264382687291311E9
3.950913236970275E8
7.122174678088781E8
1.1926332919086778E9
1.4210334176251373E9
1.028033171601924E9
3.580271194752224E8
3.306462758596213E8
7.642840652249626E8
9.132610151455348E8
7.857863311288369E8
7.643549015663859E8
6.652435575867043E8
4.419274954818171E8
3.418391701893361E8
5.99088871246432E8
3.2368766153581613E8
1.778348058539919E8
5.705133533022109E8
9.753389817565888E8
1.1128181284378068E9
9.065661533760742E8
6.587364111882216E8
3.163255716552344E8
2.845739949279832E8
4.804615638485332E8
4.415789375085141E8
3.847200934377468E8
7.547809927512197E8
8.570695378713084E8
6.596665887931088E8
3.983987776673799E8
3.611949855866518E8
6.055745288137678E8
7.171458275830743E8
7.436795158023053E8
5.841940706887159E8
3.854462264316635E8
1.0102791732147881E8
1.1044166165648866E8
4.388951561310216E8
4.9499339910484433E8
4.153546119559052E8
4.0499333419076073E8
3.14053800146786E8
7.006190670411557E8
4.829674288203467E8
1.4987452821867487E8
2.913836366456395E8
6.371156103481239E8
7.028771433188499E8
7.35714308898182E8
1.1289658736916785E9
1.0544392945567579E9
3.214323493301548E8
3.324702847222306E8
2.934374393212575E8
2.6597011318496883E8
6.216803083417542E8
6.992298441426268E8
5.012238315012738E8
2.730706868070011E8
2.5919477874047774E8
2.5773404454707932E8
6.18521057141996E8
8.047537484204748E8
3.3065637411174226E8
4.608464246339615E8
4.761676667823491E8
4.5721250370568174E8
4.8596330380857456E8
4.076136217191894E8
2.1540957334900603E8
1.6791869479493344E8
2.5908212428757164E8
3.8445478108128816E8
3.7566952148680925E8
3.522776405808949E7
3.670882875057235E8
3.745985070525486E8
1.3868674359800994E8
3.3880791650788194E8
1.496709475158713E8
3.1948268397192687E8
3.814058944548248E8
3.2944484311227113E8
3.54134252337581E8
3.249248418972468E8
1.986714745739305E8
2.1213511195410758E8
2.6090909811521718E8
3.25569956664098E8
3.2960441294668543E8
2.726123615219317E8
3.112252321705614E8
4.426701037796481E8
4.45643629767127E8
2.271876328733312E8
1.1502070699529722E8
3.5742287169193745E8
4.9753230437710154E8
4.045084523841997E8
2.716529487564585E8
4.6989549133550173E8
7.639748407039889E8
6.926609890857217E8
1.3349814953183402E8
3.0535179289776117E8
2.036463881360561E8
6.1590913917566545E7
2.595487593052164E8
5.647510417750571E8
5.270820262274501E8
3.793699143777594E8
4.093635414717835E8
2.1522103792298976E8
2.4498340866767406E8
3.631035824070519E8
3.2151906483090276E8
3.655247092161271E8
2.227259222981593E8
1.9382339144309437E8
3.312367772572728E8
1.9786866179192904E8
2.3891883491431588E8
6.822008920748831E7
2.2479903368180147E8
3.4392800500873464E8
4.979963336064543E8
3.589802694894524E8
1.5282297146954894E8
2.6704916970711097E8
4.950760942635654E8
5.465676781085312E8
5.081787528723593E8
4.0431376676831365E8
2.4258129730455905E8
7.99460858518286E7
1.81688660564651E8
3.273479129722618E8
3.941611281062421E8
3.832785199423325E8
2.4407653896407488E8
2.8210211079101336E8
2.443223559308166E8
2.2306112504098287E8
1.7083527363895217E8
1.0549390338266292E8
3.517046202834268E8
4.495156827574044E8
4.6200434143388796E8
4.690199415023596E8
4.0155380218711406E8
2.0600816696644208E8
1.590825758470091E8
3.023873329881756E8
3.1215331136043125E8
1.793815463354813E8
1.9883746921765622E8
7.515198124367984E7
4.427832618078653E7
7.465168863332428E7
1.5736163869305977E8
3.6935160004516655E8
3.5316275171259946E8
1.4090866996393445E8
3.5227238468750423E8
2.2554055904539987E8
1.7959005476912805E8
1.7242235770826557E8
2.471315124231913E7
6.4399599544711106E7
2.602663009761981E7
5.249202537830417E7
4.996811516661584E7
1.4400257166331944E8
1.6893743811499995E8
2.2026051560162908E8
2.6587466033926472E8
2.106303513862361E8
1.8300130591531625E8
1.63267239340791E8
9.059882518969838E7
5.855366629014767E7
1.4096712467440456E8
9.079355507910646E7
1.0568952256725462E8
2.0085186102223024E8
2.3825829116085342E8
2.6053876501847842E8
2.924136729050711E8
3.8196067936161476E8
2.6216151776480043E8
1.666596559973405E8
2.7264851281960124E8
1.710239190351951E8
1.8335871943193036E8
1.819563281300762E8
1.058732758387273E8
5.464682514098779E7
1.496639378460964E8
1.1144622324390607E8
3.587044982349982E7
1.0296913065550612E8
4.070706857649116E7
1.6423203684358034E8
2.352165937137296E8
1.77335654972505E8
1.8166164074479926E8
1.5465730399006808E8
1.589568653693018E8
1.6560987113263202E8
1.2431852004789641E8
9.389822924912931E7
1.2435758604048668E8
1.5685361537654403E8
1.6380194813892236E8
4.322454671432541E7
1.040576875402201E8
1.6628764858263212E8
7.975076958383745E7
1.431454326154896E8
1.9349713582066822E8
1.0701887978782596E8
5.567102619110368E7
1.0101102875832234E8
8.14669599473711E7
4.786368754626896E7
1.6539617785486892E8
2.0018973272163644E8
1.2770330849450912E8
7.900629110228755E7
1.7711994672311017E8
2.0749759315460622E8
1.335824285849531E8
6.455573216895954E7
5.3347103300427325E7
5.110688359292386E7
2.062490879001052E8
2.465266664520531E8
1.8420816630027997E8
1.2363368159133735E8
4.7094647575938106E7
5.900011899660513E7
2.6908763764660377E7
4.256008417743159E7
3.0438923780509245E7
9.534953659638722E7
1.2584741026110096E8
1.4580258994972774E8
1.801797338225111E8
1.1414607755144653E8
8.409298760453019E7
1.5191287731343544E8
1.4979949318935776E8
9.739553791355754E7
9.083544405123337E7
9.935500586823456E7
7.206724039945982E7
9.84758407528502E7
9.707167472473462E7
8.653144985594566E7
1.409750713672148E8
1.2356758038582565E8
6.40724589268824E7
4.1442996998131454E7
1.5012289350877383E8
1.5252070622217238E8
4.2918672027351774E7
1.600622572830499E8
1.8068227353446501E8
1.2170682030598176E8
4.6973342408523776E7
4.45982750924744E7
3.8464197889743954E7
5.8657618476046935E7
8.734478878852475E7
7.023278874445926E7
4.667714370612823E7
9.389820900115852E7
6.711037049241146E7
7.922301518001622E7
1.1086950287758541E8
1.0312378024209917E8
5.423675045751775E7
4.579540193202043E7
1.541078429236931E8
2.124490988330523E8
1.606979581156909E8
8.33292546533782E7
4.541299167386175E7
1.1513922337849085E8
1.3401624049535601E8
6.739285634462689E7
3.53604960933875E7
9.484451804751384E7
8.978794193110932E7
5.776763476995371E7
6.446413746187684E7
7.043697612046248E7
6.873708765371718E7
5.112001621037607E7
3.3708325643018015E7
5.9218561168326385E7
7.752187852656282E7
3.389109616355217E7
3.540616548712975E7
1.7378534389522262E7
2.3941119911575843E7
1.5652951566563575E7
3.616305103360651E7
5.8270269571187034E7
8.251494910376133E7
9.682659503284998E7
7.754566619057137E7
8.043143637671313E7
7.126793918777828E7
5.4779846151501305E7
2.775315318679381E7
7.275941560780229E7
1.1774731281099674E8
1.0074941987556645E8
5.2790646628570005E7
2.4313343323716715E7
3.5066590583944276E7
4.179125801749359E7
3.512665708286157E7
3.561956527314236E7
4.397617897950262E7
2.7379045288439333E7
2.1132659964234367E7
9962718.805856144
2.6325980459998645E7
6746353.151118314
3.5484493921371415E7
4.6542036670379445E7
5.5674458128032915E7
5.926070310846156E7
3.806063742248488E7
2.490039496767482E7
5.62381292806943E7
4.0541047037320614E7
2477898.091873965
4.474088598619873E7
6.718847050763384E7
4.4112565741923325E7
7061275.526932788
1.8987305202005446E7
4.3514223980122685E7
4.1898410980959296E7
3.5180588586650364E7
4.7816634110287316E7
3.9395446874148704E7
1.6639427670513831E7
1.6195403928173356E7
5.463763843175458E7
6.981894015779546E7
3.712185371560864E7
1.0105047141573563E7
1.0576998552823672E7
2.9233059179585133E7
3.786722212979583E7
5.9462674037463985E7
5.774845190054606E7
3.494600920975714E7
3.429786193958433E7
3.413915918994559E7
6.434611477678787E7
6.4278724159494504E7
3.866919763431604E7
3.1670898343452908E7
3.0067975497483023E7
3.329169224238833E7
3.253873090581648E7
3.447423081666941E7
2.9370768086649846E7
3.53447039565554E7
5.150396636520447E7
5.974300931973477E7
7.025011071073982E7
6.200876326491001E7
2.7278779982948914E7
1.5886538960036347E7
3.3338935640279584E7
3.547477987056698E7
4.05387003972572E7
3.462135346771326E7
1.318207421281467E7
2.1633927759835314E7
1.324823684792125E7
1.4517689109034652E7
2.191719173395095E7
2.6341821054400355E7
2.119809169293811E7
4.191043523206748E7
6.260788600905786E7
4.338126695355819E7
2.4113181577425826E7
4.1342043532343134E7
7710581.817100677
4.325311492871186E7
5.8062487137592755E7
3.987618825518505E7
1.4535029572474062E7
2.0735693227478392E7
2.7854583643422082E7
1.5261818237619944E7
1.909961035642834E7
2.135990615938162E7
1204224.2289006787
2.1400436130685184E7
3.482123637308929E7
2.5382942734449334E7
1.2511322003752109E7
2.8297784471939012E7
2.7771691698163204E7
1.9693630162256904E7
4869564.811823416
1.141009407570517E7
6296644.84879518
1.0160856032654762E7
1.379197449414369E7
1.730729503255155E7
1.600797478718997E7
1.044615703044387E7
1.67308639615645E7
1.7959395407636445E7
