0.0
0.0
0.0
0.0
0.0
0.0
0.0
0.0
0.0
0.0
0.0
0.0
0.0
0.0
0.0
0.0
0.0
0.0
0.0
0.0
0.0
0.0
0.0
0.0
0.0
0.0
0.0
0.0
0.0
0.0
0.0
0.0
0.0
0.0
0.0
0.0
0.0
0.0
0.0
0.0
0.0
0.0
0.0
0.0
0.0
0.0
0.0
0.0
0.0
0.0
0.0
0.0
0.0
0.0
0.0
0.0
0.0
0.0
0.0
0.0
0.0
0.0
0.0
0.0
0.0
0.0
0.0
0.0
0.0
0.0
0.0
0.0
0.0
0.0
0.0
0.0
0.0
0.0
0.0
0.0
0.0
0.0
0.0
0.0
0.0
0.0
0.0
0.0
0.0
0.0
0.0
0.0
0.0
0.0
0.0
0.0
0.0
0.0
0.0
0.0
0.0
0.0
0.0
0.0
0.0
0.0
0.0
0.0
0.0
0.0
0.0
0.0
0.0
0.0
0.0
0.0
0.0
0.0
0.0
0.0
0.0
0.0
0.0
0.0
0.0
0.0
0.0
0.0
0.0
0.0
0.0
0.0
0.0
0.0
0.0
0.0
0.0
0.0
0.0
0.0
0.0
0.0
0.0
0.0
0.0
0.0
0.0
0.0
0.0
0.0
0.0
0.0
0.0
0.0
0.0
0.0
0.0
0.0
0.0
0.0
0.0
0.0
0.0
0.0
0.0
0.0
0.0
0.0
0.0
0.0
0.0
0.0
0.0
0.0
0.0
0.0
0.0
0.0
0.0
0.0
0.0
0.0
0.0
0.0
0.0
0.0
0.0
0.0
0.0
0.0
0.0
0.0
0.0
0.0
0.0
0.0
0.0
0.0
0.0
0.0
0.0
0.0
0.0
0.0
0.0
0.0
0.0
0.0
0.0
0.0
0.0
0.0
0.0
0.0
0.0
0.0
0.0
0.0
0.0
0.0
0.0
0.0
0.0
0.0
0.0
0.0
0.0
0.0
0.0
0.0
0.0
0.0
0.0
0.0
0.0
0.0
0.0
0.0
0.0
0.0
0.0
0.0
0.0
0.0
0.0
0.0
0.0
0.0
0.0
0.0
0.0
0.0
0.0
0.0
0.0
0.0
0.0
0.0
0.0
0.0
0.0
0.0
0.0
0.0
0.0
0.0
0.0
0.0
0.0
0.0
0.0
0.0
0.0
0.0
0.0
0.0
0.0
0.0
0.0
0.0
0.0
0.0
0.0
0.0
0.0
0.0
0.0
0.0
0.0
0.0
0.0
0.0
0.0
0.0
0.0
0.0
0.0
0.0
0.0
0.0
0.0
0.0
0.0
0.0
0.0
0.0
0.0
0.0
0.0
0.0
0.0
0.0
0.0
0.0
0.0
0.0
0.0
0.0
0.0
0.0
0.0
0.0
0.0
0.0
0.0
0.0
0.0
0.0
0.0
0.0
0.0
0.0
0.0
0.0
0.0
0.0
0.0
0.0
0.0
0.0
0.0
0.0
0.0
0.0
0.0
0.0
0.0
0.0
0.0
0.0
0.0
0.0
0.0
0.0
0.0
0.0
0.0
0.0
0.0
0.0
0.0
0.0
0.0
0.0
0.0
0.0
0.0
0.0
0.0
0.0
0.0
0.0
0.0
0.0
0.0
0.0
0.0
0.0
0.0
0.0
0.0
0.0
0.0
0.0
0.0
0.0
0.0
0.0
0.0
0.0
0.0
0.0
0.0
0.0
0.0
0.0
0.0
0.0
0.0
0.0
0.0
0.0
0.0
0.0
0.0
0.0
0.0
0.0
0.0
0.0
0.0
0.0
0.0
0.0
0.0
0.0
0.0
0.0
0.0
0.0
0.0
0.0
0.0
0.0
0.0
0.0
0.0
0.0
0.0
0.0
0.0
0.0
0.0
0.0
0.0
0.0
0.0
0.0
0.0
0.0
0.0
0.0
0.0
0.0
0.0
0.0
0.0
0.0
0.0
0.0
0.0
0.0
0.0
0.0
0.0
0.0
0.0
0.0
0.0
0.0
0.0
0.0
0.0
0.0
4317.751531078175
2538.000862961506
2032.6796804380429
2564.0826420886942
1777.0019065752756
1293.0445360204537
1170.8010497142072
1215.915089727947
1309.8013256991396
327.16299205545204
587.5655996385731
968.6011437481139
1424.5733253989429
1514.3110725752622
944.4103904522984
1481.887677431352
3029.9051423227916
2538.983279047856
2507.3833267401733
1944.3674644898842
1620.0823659500418
1983.0032249841522
1125.1511804296827
100.8873124425573
1771.7339977894037
2073.8037388679754
960.7972649271744
2482.716933665476
1860.056957538521
1777.0878997539203
1352.6355893372593
3344.779112972963
3897.841127684844
2172.908613748856
762.1387198881434
1299.9060924816035
873.83291430618
1603.1870086071797
2105.755074903387
2235.228441875713
2907.104723138803
873.762303065902
1324.316116278805
1097.8159419714045
837.8198188787494
1643.7304289999186
373.2505955948827
765.7877488345231
457.0762677850615
768.6040972707893
375.36669591508274
1661.2622283004707
843.6213933216391
1115.4961496896046
1348.8040122310665
896.6029375442293
2980.82149083855
2295.631639688226
2172.5082392476215
1654.2526199073425
909.9429962473268
1350.7836424267205
797.0483731997994
2279.240858487593
4095.38657278017
3520.7658771617103
1426.1641572777173
1887.8251658192996
1975.4243376652282
2650.0159671737997
1021.6172026146347
2227.5232317680093
1904.2691483991066
107.14618505582125
1221.013313340267
2155.1974518408583
1763.5540475030366
2129.3749372704906
2747.4082562336293
2794.954949019627
3342.354165498557
1635.117878089967
1051.7941369014372
1684.9491129698638
1593.8284154391638
1080.5586994497032
661.0286945525124
371.8553250272646
1481.365861556546
1379.1560896112528
1332.0465764068822
1476.5978849537266
2035.803028785319
2946.7428892587845
2339.2404203125598
2937.7193429226395
5006.894267948622
4159.4323522995155
1436.7100476247667
29.502074854001602
684.8459227810979
1388.6530204075166
1416.61557151171
757.8322836624151
1015.1667348903522
2734.496035706356
500.15645343551756
2093.8404087757863
3386.008855492943
3750.4318953131065
458.807252469041
3592.88777849388
2513.0718475273598
1115.7389268737395
2158.7775037235956
922.7300799916204
567.3796978849958
900.56078160623
1471.8318902604726
2481.7369472082632
2863.7123541759565
2229.2366383344015
3848.238413899147
3928.798255995479
1502.2075155754098
2586.662843213341
2339.01368128153
4207.579237137095
5252.356236344857
4154.815196735481
983.3688213591502
1830.5760802362274
890.4830645114973
1670.5851928785291
1513.9632485287475
1307.9572436026908
1053.299136013459
1938.74461980143
738.1369008927874
2369.1678753070023
4720.662043321741
3899.189329185379
2511.197026146497
2255.985135335205
1373.9724522360498
2485.934249852803
3543.877753018702
603.5208784245533
733.9129514019282
1972.2859249626447
1915.3502443928926
246.5272236230123
1112.7909984311814
915.3364836906518
2217.1624527103695
3798.562053439824
2767.0920394590994
1820.5894133772788
710.2072702890235
1150.7026233372155
2951.2375321275076
2104.56215452166
3524.0893722173
4739.916948218397
2762.9630919746037
1188.5215058309254
1181.5031065087176
1454.1948920826926
479.2247409218769
1824.9209746267204
2837.0583076886865
1295.6429082270058
2003.7888830848024
3592.0441220846587
3257.9287689263447
2167.9979051341656
1355.544249052332
602.1679993498582
1855.1539400006438
1079.5308416996995
2003.0255021071898
1393.6545252841972
567.8757619666131
1713.3532784192225
1454.496815022786
2238.5504886880262
2224.1676106008977
2352.5340940959686
2820.9708056433715
2997.9267048106494
2164.673661173758
1250.870142814047
2034.640469589777
1889.605655128266
2502.731535648988
1363.8429184456932
1448.2980620252742
2860.741473521301
1853.687252489825
323.50479216415926
1752.041110867304
3270.576020792848
3866.7831805003607
2598.330229935717
2128.848407745963
1682.5267396076229
1055.589970891686
1726.8577637468527
1995.93180448127
3493.328803297175
3866.462164505981
2363.377713241943
1654.4841840525792
1719.1701914949072
2473.5111368342805
1032.0476829370753
1779.972426100056
506.2749430886652
1622.8689279789105
1287.7492241323246
1139.6957782849856
1934.0971191688498
1319.0373625004095
2790.2202169613965
3978.2740124911675
1425.3485301451756
1337.4576903687105
1250.9588602680956
1926.6002052483805
1221.7897338830655
2046.3994281600783
726.5745816561039
2789.6537428718084
2010.2426306338225
11899.379974554897
6687.723473635403
10500.480980538849
5766.3610632795035
2181.0243575022555
671.7409820411445
1442.2206256921056
1063.4634951796022
729.8307523535469
4952.65539070079
5071.9604276353575
1467.6072248757087
4184.951047129946
4194.980201027405
42.57657276461245
3195.041877124027
11407.365468191756
10697.331035923473
3973.8742590908887
9258.159250743016
8628.18900764578
2685.262347530098
1497.6986333513842
558.4720170003118
2129.060472627538
1918.7794469190726
927.4784581887593
1759.6910280721233
3816.917437208471
2123.736181132762
1103.4256589202002
1662.347446117024
2099.6657650522725
6079.952032570954
4381.862557499731
286.5528035619385
2145.1134264462253
7350.548617328684
10942.966893943103
5739.139316114639
2231.4611907955664
7550.974591646629
6241.361027664789
3788.7049498302295
7065.816008567941
4317.066168085188
844.9924145152999
474.23836113587106
2167.9772424333137
2555.851790633222
1163.7421263357326
898.760377822139
3158.568633464764
3223.2448325357736
1882.0692839203632
4378.722110145939
4639.131360759005
3562.2457775998178
6919.599411149913
2933.991252244902
5567.8421981662195
9005.318654431157
11472.233822194394
3737.5246955264124
2419.6605490680386
2548.322291216182
3431.007242240231
4019.9728951094035
1777.584770658287
1851.9908670119548
2480.212428599188
1802.1337292874728
3719.253565761113
4779.968264973265
6039.926516533613
6915.999317674232
2806.238663187869
4806.935505918384
6838.031179881073
4581.308690477964
4152.327160911224
9904.962353930001
5206.560368630008
721.8007409229198
2854.980653201251
3205.6204948987274
644.9255713244199
2722.650598674761
5196.075729770499
7180.004913890847
6601.65582873117
3234.328964466497
4146.33847214108
9054.01387887412
9179.654864501561
3148.270082687626
2655.363692514241
8060.009498695786
11377.779891773194
10012.49032532362
9144.011032980918
7079.521647230717
2825.0612349927837
1910.0605503408199
6162.177032773979
11884.173573438535
10106.591466232194
3949.832463975663
1162.320371769204
1755.041372395557
5184.167886246289
3213.8714287661896
5005.621139712028
6333.118005894159
3857.5767527453627
1763.790326302272
2068.971795750208
4240.79063644215
3236.340385652652
1613.6060837978655
4007.500141171835
4720.40247918781
4369.277849083288
2644.3079749774374
3025.3419065258145
2424.64763178376
4192.8705789160795
6043.251226264491
4995.881175898785
1815.9755052108733
456.05104954426037
2233.782976806552
1706.431794747497
1005.5501964451327
1877.849254613931
2149.812397294971
2287.3536074919725
1361.2570677667584
4098.928501508539
4382.7458472825965
3269.2924632101767
2838.2754474310973
2476.2375541912356
1895.5394516865442
1870.5411705880938
3090.7815327752537
2827.4366005594215
1560.5269893800014
1601.9252765190422
1566.8905408047024
724.7869561408628
1149.263539700459
3288.9337711966414
3596.5181027228427
3021.2130809110004
2700.6764375162343
3059.760707774462
1872.7664766496573
359.41403605605785
974.2904598872645
2550.9011121562635
3578.0818604618757
3204.4081993256164
1310.2392956903718
1726.0815598126383
1718.7156152053728
1327.196585498723
576.1875955325038
1826.2196193092393
3227.1448498563773
3814.2660328687457
7218.215722639432
10841.57684490342
9281.354981224058
4166.945268628881
3019.3453129163167
3152.818751466484
2944.2546571844327
6005.848781047574
2166.825298890747
1500.7269607429907
5539.724128784984
9670.292417410328
6232.6915528322015
2959.652393278393
1795.1474244374015
6884.011078177816
9048.5859670661
6758.214545903148
5406.777435829813
10419.680489671948
15488.406380254257
14834.292780258527
18210.99885752161
16319.98584570474
11590.960648482822
11084.736569146615
10303.054684596898
10538.70152964061
11590.888719253204
14004.756056399696
13187.663629699935
12894.692957198586
8384.607094926525
5162.851346340264
13588.254416856422
13086.397135795727
5248.862674933465
2379.8284113488694
14089.80229770397
17637.148871288602
8900.339976866764
7129.285709376412
7256.414034706103
2535.898215394605
10700.092841995163
14719.347254688964
14861.859625668656
9876.1595060309
7333.187233548387
10139.3555806716
28054.265201566195
27541.751834721952
13297.709422529731
16821.998555691327
11673.852632804661
6760.000280379924
11043.544381050022
14137.738701040147
7186.8946705946355
10872.193289554154
9078.379275186771
6431.719655782554
6460.034943534661
5708.113745854631
4038.866803721555
5734.798053163757
2387.9277943775132
18616.0029287278
26210.394722683246
15734.84147210899
15913.056565852487
14720.501696623742
3088.5154169218154
19601.62410109495
15500.994715941799
3266.0461772003378
9755.928144787225
8206.130330845495
9996.427149508794
17466.25833310609
15207.586750257276
9921.597544667971
5584.3216708768105
15910.76279500149
19870.816252063203
12970.88976026375
10296.996690190921
16969.122594106902
16687.127145681286
6788.542577326766
3648.082859295126
16876.179218693233
25084.562630857326
21697.846310115056
24852.179453324414
33547.65301582413
43201.61882522537
57416.99207191422
45096.74943851523
51881.0076199398
47981.69502136526
10781.219497618236
27110.217131861205
30177.602774549672
14150.955156247355
38445.89943721045
40436.503669511556
21670.07177619201
21293.85443446804
22317.44255598875
38146.22124606623
41688.27059689146
8223.168140535834
41598.19457760173
69349.50647800803
106830.19468867971
78985.6998785785
96496.79206822635
120666.34913887146
49250.796046390526
8307.676334407268
11714.008723145422
23977.851515528062
13950.399153641043
70556.61613173447
59331.60432731987
48777.47639630267
79492.48874129074
86425.75543739478
42265.4493485358
84294.84952438933
86270.32441144955
93580.1528944171
56802.97659134533
47281.30263889713
36120.535956131214
103629.36899042338
86530.78668380668
18967.78376148649
46879.69641824898
28998.71685452489
80102.66735469103
110707.4703341214
72921.59432849947
147489.95381214266
231267.3812675839
579575.4258494184
1098047.5255153533
528056.0712617484
589885.2208950495
692423.0786553406
350250.21512492554
284630.69761802995
0.0
107657.42902685344
0.0
107657.42902685377
299254.45449914597
284630.6976180306
350250.2151249264
692423.0786553425
589885.2208950514
528056.07126175
1098047.5255153563
579575.42584942
231267.38126758448
147489.953812143
72921.5943284996
110707.47033412167
80102.66735469115
28998.716854524904
46879.69641824907
18967.783761486466
86530.78668380702
103629.36899042364
36120.53595613127
47281.30263889733
56802.97659134547
93580.15289441748
86270.32441144997
84294.84952438952
42265.449348536116
86425.75543739522
79492.48874129109
48777.47639630294
59331.6043273201
70556.61613173471
13950.399153641038
23977.851515528095
11714.008723145369
8307.67633440727
49250.79604639076
120666.3491388719
96496.7920682266
78985.69987857876
106830.19468868013
69349.50647800825
41598.19457760184
8223.168140535794
41688.270596891496
38146.22124606622
22317.44255598872
21293.854434468027
21670.07177619201
40436.50366951162
38445.89943721053
14150.955156247384
30177.602774549734
27110.217131861253
10781.219497618282
47981.69502136534
51881.00761993987
45096.74943851533
57416.992071914196
43201.61882522535
33547.65301582422
24852.179453324392
21697.84631011507
25084.562630857414
16876.17921869328
3648.082859295073
6788.542577326881
16687.12714568126
16969.122594106906
10296.996690191101
12970.88976026388
19870.816252063192
15910.762795001414
5584.321670876869
9921.597544668006
15207.586750257311
17466.258333106092
9996.427149508772
8206.130330845526
9755.928144787238
3266.0461772003505
15500.994715941795
19601.62410109495
3088.5154169218104
14720.501696623764
15913.056565852534
15734.841472109045
26210.39472268329
18616.002928727805
2387.9277943774887
5734.798053163749
4038.866803721544
5708.1137458546345
6460.034943534717
6431.719655782576
9078.379275186784
10872.193289554154
7186.894670594593
14137.738701040136
11043.54438105006
6760.000280379905
11673.852632804652
16821.998555691313
13297.709422529826
27541.751834721952
28054.265201566137
10139.355580671603
7333.187233548406
9876.159506030892
14861.859625668616
14719.347254688924
10700.092841995158
2535.89821539464
7256.414034706091
7129.28570937641
8900.339976866784
17637.148871288646
14089.802297704091
2379.8284113489995
5248.862674933951
13086.39713579654
13588.254416856693
5162.851346339722
8384.607094927105
12894.692957198917
13187.66362970006
14004.756056399794
11590.888719253282
10538.70152964059
10303.054684596771
11084.73656914666
11590.960648482915
16319.985845704425
18210.998857520954
14834.2927802581
15488.406380253791
10419.680489671016
5406.77743582932
6758.214545902958
9048.585967065956
6884.011078177793
1795.147424437347
2959.6523932783143
6232.691552832167
9670.292417410239
5539.724128784937
1500.7269607429803
2166.8252988907852
6005.848781047544
2944.2546571843736
3152.818751466443
3019.3453129162726
4166.945268628828
9281.354981224033
10841.576844903337
7218.215722639327
3814.266032868733
3227.144849856328
1826.2196193092248
576.1875955325004
1327.1965854987177
1718.7156152053847
1726.0815598126578
1310.2392956903766
3204.4081993256013
3578.081860461843
2550.901112156255
974.2904598872477
359.4140360560314
1872.7664766496193
3059.760707774444
2700.6764375162343
3021.2130809109854
3596.5181027228114
3288.9337711966045
1149.2635397004317
724.7869561408687
1566.8905408046826
1601.9252765190452
1560.526989379984
2827.4366005593815
3090.781532775234
1870.5411705880879
1895.5394516865633
2476.237554191264
2838.2754474310777
3269.2924632101262
4382.745847282495
4098.928501508435
1361.2570677667488
2287.3536074919466
2149.812397294975
1877.8492546139087
1005.5501964451274
1706.4317947474608
2233.7829768065358
456.0510495442949
1815.9755052107666
4995.881175898696
6043.251226264448
4192.870578916102
2424.6476317837773
3025.341906525824
2644.3079749773765
4369.277849083195
4720.402479187751
4007.5001411717776
1613.6060837978675
3236.3403856526943
4240.790636442109
2068.9717957501452
1763.7903263023577
3857.5767527454295
6333.118005894138
5005.621139711974
3213.8714287659677
5184.167886246023
1755.0413723956835
1162.3203717689155
3949.8324639752946
10106.591466232016
11884.173573438464
6162.17703277395
1910.0605503407705
2825.0612349927615
7079.521647230466
9144.011032980674
10012.490325323646
11377.779891773316
8060.009498695966
2655.3636925142764
3148.2700826875052
9179.654864501268
9054.01387887401
4146.338472141229
3234.3289644664023
6601.655828731171
7180.004913890527
5196.075729770194
2722.6505986747734
644.9255713244652
3205.62049489875
2854.9806532013636
721.8007409226577
5206.560368630051
9904.96235393035
4152.327160911564
4581.308690478022
6838.031179884485
4806.9355059202535
2806.2386631888658
6915.999317673201
6039.926516532933
4779.968264974001
3719.2535657613003
1802.1337292870476
2480.212428599175
1851.990867012174
1777.584770657434
4019.972895108527
3431.0072422414246
2548.3222912181996
2419.6605490692596
3737.524695524596
11472.233822192049
9005.318654429484
5567.842198165423
2933.9912522452
6919.599411149835
3562.2457775994617
4639.131360758797
4378.7221101458235
1882.0692839202848
3223.24483253574
3158.5686334648703
898.7603778220753
1163.7421263356434
2555.8517906331954
2167.97724243346
474.23836113613663
844.992414515496
4317.066168085419
7065.816008567955
3788.704949830245
6241.361027664976
7550.974591646763
2231.461190795469
5739.139316114821
10942.96689394309
7350.548617328601
2145.1134264462094
286.5528035619148
4381.86255749986
6079.952032571272
2099.665765052509
1662.3474461169383
1103.4256589204408
2123.736181132845
3816.9174372085376
1759.6910280721042
927.4784581887587
1918.7794469190244
2129.0604726274923
558.472017000288
1497.6986333513573
2685.2623475300156
8628.189007645726
9258.159250743003
3973.8742590909287
10697.331035923471
11407.365468191712
3195.0418771239442
42.5765727646686
4194.98020102736
4184.951047129828
1467.6072248756916
5071.9604276353575
4952.655390700755
729.83075235352
1063.4634951796347
1442.2206256920852
671.740982041134
2181.024357502234
5766.3610632794835
10500.480980538818
6687.723473635412
11899.37997455485
2010.2426306337982
2789.6537428718075
726.5745816561172
2046.399428160074
1221.7897338830958
1926.600205248388
1250.9588602680747
1337.4576903687057
1425.3485301451828
3978.274012491165
2790.2202169614065
1319.0373625003785
1934.0971191688288
1139.6957782849659
1287.7492241323334
1622.868927978891
506.274943088701
1779.9724261000408
1032.0476829370805
2473.511136834257
1719.1701914948778
1654.4841840525614
2363.3777132419514
3866.462164505975
3493.328803297166
1995.9318044812758
1726.8577637468427
1055.5899708916706
1682.5267396075806
2128.84840774594
2598.330229935723
3866.7831805003434
3270.5760207928292
1752.0411108673293
323.5047921641927
1853.6872524898217
2860.7414735213233
1448.2980620252508
1363.8429184457052
2502.7315356489894
1889.6056551282752
2034.6404695897777
1250.8701428140607
2164.6736611737488
2997.9267048106562
2820.9708056433783
2352.534094096001
2224.1676106009645
2238.550488688055
1454.4968150230939
1713.3532784194215
567.8757619666342
1393.654525284087
2003.0255021071264
1079.5308416996368
1855.1539400005784
602.1679993498808
1355.5442490522898
2167.9979051341306
3257.9287689263697
3592.044122084675
2003.7888830848879
1295.6429082268996
2837.0583076885214
1824.9209746268446
479.2247409220728
1454.1948920828365
1181.50310650877
1188.521505830899
2762.963091974651
4739.916948218416
3524.0893722173173
2104.5621545216577
2951.2375321274612
1150.7026233371782
710.2072702890209
1820.5894133772213
2767.092039459044
3798.5620534398076
2217.1624527103572
915.3364836907781
1112.7909984313246
246.52722362295327
1915.3502443928805
1972.285924962636
733.9129514018887
603.5208784245226
3543.877753018656
2485.9342498527585
1373.9724522360711
2255.9851353352005
2511.197026146453
3899.1893291853203
4720.662043321679
2369.167875306934
738.136900892792
1938.7446198014056
1053.299136013356
1307.9572436025962
1513.963248528659
1670.585192878434
890.48306451146
1830.576080236213
983.3688213592302
4154.815196735474
5252.356236344796
4207.579237137051
2339.0136812814767
2586.6628432133707
1502.2075155753566
3928.7982559953784
3848.238413899101
2229.2366383343833
2863.712354175927
2481.736947208183
1471.8318902604458
900.5607816062919
567.3796978849361
922.730079991668
2158.777503723551
1115.738926873754
2513.0718475272465
3592.8877784937076
458.80725246893684
3750.431895313125
3386.0088554928852
2093.8404087755
500.1564534355719
2734.4960357064488
1015.1667348901733
757.8322836621516
1416.6155715116572
1388.6530204076478
684.8459227811946
29.502074853955115
1436.710047624949
4159.432352299589
0.0
0.0
0.0
0.0
0.0
0.0
0.0
0.0
0.0
0.0
0.0
0.0
0.0
0.0
0.0
0.0
0.0
0.0
0.0
0.0
0.0
0.0
0.0
0.0
0.0
0.0
0.0
0.0
0.0
0.0
0.0
0.0
0.0
0.0
0.0
0.0
0.0
0.0
0.0
0.0
0.0
0.0
0.0
0.0
0.0
0.0
0.0
0.0
0.0
0.0
0.0
0.0
0.0
0.0
0.0
0.0
0.0
0.0
0.0
0.0
0.0
0.0
0.0
0.0
0.0
0.0
0.0
0.0
0.0
0.0
0.0
0.0
0.0
0.0
0.0
0.0
0.0
0.0
0.0
0.0
0.0
0.0
0.0
0.0
0.0
0.0
0.0
0.0
0.0
0.0
0.0
0.0
0.0
0.0
0.0
0.0
0.0
0.0
0.0
0.0
0.0
0.0
0.0
0.0
0.0
0.0
0.0
0.0
0.0
0.0
0.0
0.0
0.0
0.0
0.0
0.0
0.0
0.0
0.0
0.0
0.0
0.0
0.0
0.0
0.0
0.0
0.0
0.0
0.0
0.0
0.0
0.0
0.0
0.0
0.0
0.0
0.0
0.0
0.0
0.0
0.0
0.0
0.0
0.0
0.0
0.0
0.0
0.0
0.0
0.0
0.0
0.0
0.0
0.0
0.0
0.0
0.0
0.0
0.0
0.0
0.0
0.0
0.0
0.0
0.0
0.0
0.0
0.0
0.0
0.0
0.0
0.0
0.0
0.0
0.0
0.0
0.0
0.0
0.0
0.0
0.0
0.0
0.0
0.0
0.0
0.0
0.0
0.0
0.0
0.0
0.0
0.0
0.0
0.0
0.0
0.0
0.0
0.0
0.0
0.0
0.0
0.0
0.0
0.0
0.0
0.0
0.0
0.0
0.0
0.0
0.0
0.0
0.0
0.0
0.0
0.0
0.0
0.0
0.0
0.0
0.0
0.0
0.0
0.0
0.0
0.0
0.0
0.0
0.0
0.0
0.0
0.0
0.0
0.0
0.0
0.0
0.0
0.0
0.0
0.0
0.0
0.0
0.0
0.0
0.0
0.0
0.0
0.0
0.0
0.0
0.0
0.0
0.0
0.0
0.0
0.0
0.0
0.0
0.0
0.0
0.0
0.0
0.0
0.0
0.0
0.0
0.0
0.0
0.0
0.0
0.0
0.0
0.0
0.0
0.0
0.0
0.0
0.0
0.0
0.0
0.0
0.0
0.0
0.0
0.0
0.0
0.0
0.0
0.0
0.0
0.0
0.0
0.0
0.0
0.0
0.0
0.0
0.0
0.0
0.0
0.0
0.0
0.0
0.0
0.0
0.0
0.0
0.0
0.0
0.0
0.0
0.0
0.0
0.0
0.0
0.0
0.0
0.0
0.0
0.0
0.0
0.0
0.0
0.0
0.0
0.0
0.0
0.0
0.0
0.0
0.0
0.0
0.0
0.0
0.0
0.0
0.0
0.0
0.0
0.0
0.0
0.0
0.0
0.0
0.0
0.0
0.0
0.0
0.0
0.0
0.0
0.0
0.0
0.0
0.0
0.0
0.0
0.0
0.0
0.0
0.0
0.0
0.0
0.0
0.0
0.0
0.0
0.0
0.0
0.0
0.0
0.0
0.0
0.0
0.0
0.0
0.0
0.0
0.0
0.0
0.0
0.0
0.0
0.0
0.0
0.0
0.0
0.0
0.0
0.0
0.0
0.0
0.0
0.0
0.0
0.0
0.0
0.0
0.0
0.0
0.0
0.0
0.0
0.0
0.0
0.0
0.0
0.0
0.0
0.0
0.0
0.0
0.0
0.0
0.0
0.0
0.0
0.0
0.0
0.0
0.0
0.0
0.0
0.0
0.0
0.0
0.0
0.0
0.0
0.0
0.0
0.0
0.0
0.0
0.0
0.0
0.0
0.0
0.0
0.0
0.0
0.0
0.0
0.0
0.0
0.0
0.0
0.0
0.0
0.0
0.0
0.0
0.0
0.0
0.0
0.0
0.0
0.0
0.0
0.0
0.0
0.0
0.0
0.0
0.0
0.0
0.0
0.0
0.0
0.0
0.0
0.0
0.0
0.0
0.0
0.0
0.0
0.0
0.0
0.0
0.0
0.0
0.0
0.0
0.0
0.0
0.0
0.0
0.0
0.0
0.0
0.0
0.0
0.0
0.0
0.0
0.0
0.0
0.0
0.0
0.0
0.0
0.0
0.0
0.0
0.0
0.0
0.0
0.0
0.0
0.0
0.0
0.0
0.0
0.0
0.0
0.0
0.0
0.0
0.0
0.0
0.0
0.0
0.0
0.0
0.0
0.0
0.0
0.0
0.0
0.0
0.0
0.0
0.0
0.0
0.0
0.0
0.0
0.0
0.0
0.0
0.0
0.0
0.0
0.0
0.0
0.0
0.0
0.0
0.0
0.0
0.0
0.0
0.0
0.0
0.0
0.0
0.0
0.0
0.0
