0.0
0.0024119243149698377
0.007235755901731977
0.016280386867407515
0.03859033455808003
0.06029697167429049
0.08682688932765359
0.11817983756452577
0.15435552099052074
0.1953535987736359
0.24117368464715128
0.29181534691360866
0.43409763556063297
0.5094518083812716
0.5908309921485966
0.678234420142303
0.7716612688838609
0.8711106581449712
1.171897981146202
1.3056879043335243
1.4467012988235126
1.594936836047168
1.7503931193917026
1.913068684213414
2.430122330826748
2.636750036249836
2.851794634425403
3.0752540992939714
3.3071263255142043
3.547409128483693
3.796100244358854
4.053197330076614
4.318697963376394
4.59259964282289
5.571314043233997
5.903537987067125
7.026023258446898
7.421353744624824
7.827467969346799
8.244362106375448
8.672032227909455
9.110474304621036
10.621871339659066
11.132952998732293
11.655989389380323
12.19097558377399
12.73790654149849
13.296777109600413
12.480823820372592
13.005284312450257
15.04497325958539
15.651548490613436
14.643032292819257
15.210386643012754
15.788451346758777
16.377220957774796
16.976689928921232
17.58685261225351
18.207703259075643
18.839236019993834
19.481444944972097
20.13432398338803
20.797866984090106
21.472067695455237
22.15691976544798
22.852416741680017
20.940935174641368
21.578061423922236
22.224632071044766
22.88064102429246
26.489342365902885
27.248567667452846
28.01838990387749
28.798801822235404
29.58979606981397
30.39136519419793
31.203501643340232
32.026197765633015
36.51049534442137
37.44804213985162
38.39729573715587
39.358247192866
44.36397619863193
45.44672809012113
42.31119762307941
43.318848874771874
44.33815161606688
45.36909624352276
46.41167304401279
47.46587219481697
53.384852140085556
54.57000747998413
50.69810387996256
51.798692016214574
47.61976657369844
48.63111533881154
49.652859581429496
50.68498967510803
51.7274958955514
52.780368420704505
47.86097540519597
48.81526454104778
37.33405609295295
38.06354780729288
38.7999166758413
39.54315576084076
33.57771504983745
34.20851375465482
27.876015977626025
28.389782164061444
21.68107854190596
22.073234077236208
22.46879953431238
22.867771186283164
23.270145274205447
23.675918007079886
24.085085561886373
24.4976440836204
24.913589685329086
25.33291844814792
25.755626421337737
26.18170962232179
26.61116403672341
27.043985618403724
18.320113526333245
18.61314262697556
18.908408286732538
19.205907723735294
19.505638135069262
19.80759669680063
20.111780564002828
20.418186870783416
10.363406365155512
10.518827617421351
10.675355727875527
10.832989221776032
0.0
0.0
0.0
0.0
0.0
0.0
-0.04674706388186878
-0.047397150694317436
-0.048051501740427216
-0.048710110855177846
-0.049372971833431256
-0.0500400784299902
-13.032836060431828
-13.206459847404147
-13.38116988161415
-13.556964517017418
-27.414245120392852
-27.76947039106622
-42.16286191239449
-42.701809355317465
-43.24397707701704
-43.7893599694171
-29.577854141350628
-29.94595851778268
-45.444748135968624
-46.00294002529638
-46.564321091536215
-47.12888604559184
-47.6966295683698
-48.26754631082938
-48.84163089403323
-49.418877909197825
-49.999281917744625
-50.58283745135126
-51.16953901200292
-51.75938107204432
-52.35235807423166
-52.948464431785034
-53.547694528441156
-54.15004271850605
-36.527403389732186
-36.93337872960593
-55.975738951875144
-56.590502471892606
-57.20835541726233
-57.8292919668338
-38.99420821419674
-39.41253748533217
-39.83291206322276
-40.255327987275976
-60.98002300687278
-61.61933731443102
-62.26169366777504
-62.907086014893494
-63.555508275171135
-64.20695433944621
-86.45377571107876
-87.33012436082969
-110.2415837269568
-111.34680790495608
-112.45701754174587
-113.57220217739771
-137.612914875844
-138.96286289516604
-140.31874214858237
-141.68053986156903
-143.04824320384083
-144.42183928947205
-145.80131517701844
-147.1866578696382
-148.57785431521535
-149.97489140648216
-151.3777559811428
-152.78643482199737
-179.88434611588804
-181.54117086035802
-157.04722394878252
-158.47902658870086
-133.28115459421886
-134.4840476135997
-108.5745517603371
-109.54467431671328
-110.51859334866704
-111.49629968034296
-84.38577168103046
-85.12495193238722
-57.281855358598015
-57.778721163094616
-87.35938821130401
-88.10980875486361
-118.44551015108378
-119.45318028616867
-120.46455354305586
-121.47962039301196
-122.49837127250404
-123.52079658328984
-124.54688669250811
-125.57663193276954
-126.61002260224767
-127.64704896477019
-128.68770124991107
-129.73196965308207
-163.4429078965234
-164.75699030176227
-199.26473690063057
-200.85217171784714
-202.44495467412366
-204.04307076292912
-171.394386995517
-172.73517571895158
-174.0803715257977
-175.4299617421862
-176.78393365284603
-178.14227450122323
-143.6320029483542
-144.72584861335235
-109.40293609299438
-110.22877858732578
-148.02813430231214
-149.1357778602245
-187.77191053181568
-189.1647387319379
-152.47920741890388
-153.60048189967023
-193.36868438742545
-194.77844261560614
-196.19240024481002
-197.61054395332306
-159.2573629113909
-160.39876621971754
-161.54348687775936
-162.69151410043978
-163.8428370715293
-164.997444943747
-124.65702081862042
-125.52816278142434
-84.32262030514296
-84.9070090780855
-85.49301452800879
-86.08063113381603
-0.1689470825715998
-0.1700987829490231
0.0
0.0
44.434557356698704
44.732558698666026
90.06268910287855
90.66182419996773
136.89377556570088
137.79714296235286
138.70282997875995
139.61082808191998
187.3615049560758
188.57829774360107
237.2476720929492
238.77626656941493
240.30864120712437
241.84478156868835
243.38467318123855
244.9283015365637
295.7707825094965
297.6320523201629
299.4977537397747
301.36786919047756
252.70198421069216
254.26772638830968
255.83710277315276
257.41009857921756
258.986698986399
260.5668891406315
209.72052332322227
210.99038328401627
265.32884903850123
266.9232489659629
322.2253966387681
324.1470944191809
326.0729739949656
328.00301722129507
329.93720591411386
331.8755218503097
389.45427122919955
391.7252060938182
394.0008920234247
396.2813075774631
398.56643127081753
400.8562415740137
403.1507169134221
405.4498356714614
349.5030653029728
351.4816429324874
353.464144822756
355.45055229548
417.0143210748238
419.34084393983835
421.67185768691695
424.0073403542291
365.4405170895765
367.44996376449836
431.04038162893465
433.3935195198958
498.0011610223123
500.7003983331173
440.4789952085652
442.8494336029472
445.2241413913506
447.60309620027715
385.70252195675636
387.74884901644464
389.7987586425267
391.8522315216166
393.90924830675635
395.9697896175996
398.0338360405922
400.1013681291574
469.20109413785684
471.6212799114573
541.7662445746807
544.5412840827191
547.3208408490972
550.1048886859999
552.8934013633002
555.6863526088043
558.4837161085004
561.2854655068061
564.0915744068177
566.9020163705568
498.50216930431964
500.9688193417571
431.5193067401236
433.639938509723
508.3910072257038
510.8724047456153
513.3574307757272
515.8460619031697
518.3382746811071
520.8340456289593
523.3333512326219
525.836167944689
603.8199682110562
606.6882746734093
609.5605128712986
612.4366557437038
538.4020916687145
540.9254786987586
465.8161809356421
467.9847986068936
391.79686907931085
393.6087444517044
395.4229412188646
397.2394422881925
239.4349383272275
240.52757331274017
241.62156003510609
242.7168881872426
243.8135474494286
244.91152748940186
164.0072119749709
164.740939007693
82.73776292245005
83.10548278281203
83.47362562043061
83.84218796681881
0.0
0.0
-85.2821946479016
-85.65384638163637
-86.02590179380758
-86.39835737906554
-86.77120962829044
-87.14445502862522
-261.8731955596818
-262.9923483368605
-264.11264590802136
-265.23407771819234
-266.3566332017144
-267.48030178234205
-358.0236667037402
-359.5243293557034
-451.1949863724793
-453.0740334633562
-454.95484640285014
-456.83740747073256
-458.72169893030514
-460.6077030285661
-462.4954019963787
-464.3847780486367
-466.2758133844343
-468.1684901872314
-470.06279062502375
-471.9586968505092
-473.856191001257
-475.7552551998756
-477.6558715541804
-479.5580221573639
-481.4616890881632
-483.36685441102935
-582.2524354183973
-584.5418674020891
-586.8330325619252
-589.1259093115112
-591.4204760483268
-593.7167111539297
-695.2857288474471
-697.9682375766888
-900.7274298370992
-904.1807188780544
-907.6363474788227
-911.0942830819239
-914.554493108144
-918.0169449568393
-1023.8240316624705
-1027.6759063318432
-1134.6429008905877
-1138.8850128976637
-1143.1296651037358
-1147.3768175174766
-1256.2825771285268
-1260.9210211027257
-1370.991247191926
-1376.0216803796588
-1593.4609816005923
-1599.2713122719695
-1712.0624552548531
-1718.2664384242953
-1724.4735329154432
-1730.6836802476637
-1736.8968219115618
-1743.112899369529
-1858.6384087642348
-1865.2489480065776
-1871.8624197254064
-1878.4787616113722
-1885.0979113280855
-1891.7198065127006
-2009.9860485722322
-2017.0029931768279
-2136.4439520535266
-2143.856290774465
-2151.271348975014
-2158.6890567936166
-2166.1093443437485
-2173.532141714583
-2066.19374299698
-2073.2305038437376
-1964.723993936538
-1971.3739616075193
-1861.6981291436487
-1867.9605910319617
-1757.1142981885764
-1762.988585776405
-1650.970768334632
-1656.4562572347274
-1543.2659246355136
-1548.362034629913
-1314.537301224602
-1318.851440999743
-1082.6761130850523
-1086.2074912260791
-1089.7394939472379
-1093.272087971485
-974.9908619493292
-978.1320783123365
-858.6743780581619
-861.4238726622762
-864.1736977389074
-866.923827380361
-869.674235676072
-872.4248967128501
-875.1757845751245
-877.9268733451863
-1006.4191315811146
-1009.5633841627127
-886.1810858980889
-888.9327190880249
-891.6844235736987
-894.4361734297079
-897.1879427302232
-899.9397055492313
-1031.5754335101167
-1034.719982360497
-908.1946958594662
-910.9461734972033
-783.2420973786026
-785.600470439382
-919.1996860893901
-921.9504637785019
-792.6745340704879
-795.0321293761426
-664.5776949251582
-666.5421781397398
-668.5064159958739
-670.4703899873372
-538.0522510934057
-539.6232702365835
-406.0275239216269
-407.2057769107761
-408.3838159756465
-409.5616300172492
-410.73920793871594
-411.9165386454029
-275.57480164640134
-276.3598470824774
-415.4469365659109
-416.6231675151908
-556.884360479631
-558.451336984755
-420.150000143748
-421.3249540264573
-422.4995609599401
-423.67380987754376
-566.2794303756682
-567.8435879725108
-427.19429791977785
-428.36700417636575
-429.5392971364928
-430.7111657553078
-575.6562600347938
-577.2170682118765
-434.2241151759623
-435.3941760625369
-436.56375744559296
-437.73284830582674
-585.0116691407928
-586.5685985226514
-441.23706762650113
-442.4040862963939
-295.9059778694535
-296.683760974245
-297.4611654845436
-298.23818407597116
-299.01480942778534
-299.7910342229486
-150.57637572141675
-150.96483234656273
-151.35307731750808
-151.74110697637198
-152.12891766730218
-152.5165057365095
-0.5949566830050669
-0.5964630327047483
-0.5979684735703125
-0.5994729914181285
0.0
0.0
154.61910147840712
155.00327661221743
310.7743946650285
311.5417200443162
468.46278319932145
469.6121905593542
627.6810550897864
629.21143286886
788.4258829138969
790.3360763354844
950.6938240245589
952.9826351821755
955.2697035112155
957.5550074638829
1119.8116130938395
1122.4736088209422
1285.8668237816778
1288.9041988546458
1291.939078111683
1294.9714329594337
1460.251389181866
1463.657012069445
1793.0729650236979
1797.2281761892434
1965.1415129570614
1969.6664268804927
1974.18725498127
1978.7039546660517
2148.4845236620927
2153.368531826577
2324.2670008563437
2329.5167218728943
2501.530048535352
2507.1438447039604
2512.7521090502432
2518.3547887354916
2523.951830973617
2529.543183031639
2535.1287922301917
2540.708605944015
2376.530400162287
2381.72726091061
2386.918565496746
2392.1042650104073
2226.049716980249
2230.854463911967
2235.6538701793697
2240.4478905644714
2245.236479900028
2250.019593069965
2254.7971850098024
2259.569210707078
2264.3356252017734
2269.096383586736
2273.8514410081034
2278.600752665724
2283.3442738135827
2288.081959760216
2116.4434761869
2120.805828516252
1948.0657817968258
1952.0544658478013
1956.038024046452
1960.0164188613703
1963.9896128097926
1967.957568457957
1971.9202484214545
1975.877615365582
1979.8296320056916
1983.776261107546
1987.717465487665
1991.6532080136803
1995.5834516046793
1999.5081592315619
2003.427293917383
2007.3408187377038
1828.4079062008545
1831.955355771553
1835.4976050510663
1839.0346206658119
1658.3097323623651
1661.4835358881778
1664.652539274427
1667.8167126640953
1485.3120233294876
1488.115955780832
1490.915515526869
1493.7106761913246
1496.5014114393705
1499.287694977873
1314.310812986185
1316.740951718212
1319.1671264059746
1321.5893141910747
1324.007492252679
1326.4216378077301
1328.8317281111645
1331.2377404561246
1333.6396521741747
1336.0374406355131
1529.6355237133544
1532.366351386625
1726.9789381267215
1730.040313733797
1733.096243288186
1736.146697998206
1932.4351656930617
1935.8122977517621
1939.183251022857
1942.547993746643
1751.3158447997362
1754.3328487257031
1562.0837135332777
1564.755380823079
1567.4219533431487
1570.0834059701613
1376.147249425401
1378.4669948814985
1183.5275954884432
1185.5081375808154
1385.3988704349943
1387.7003027820767
1389.9971025357372
1392.289248056495
1394.5767177487191
1396.8594900608325
1399.137543485514
1401.410856559903
1403.6794078658004
1405.943176029869
1408.2021397238382
1410.4562776647017
1009.0754061535149
1010.6785652733013
809.8225856124559
811.0995130471465
609.2802168690298
610.2336764572593
611.1850045669532
612.1341922350985
204.3604101729493
204.67537016520168
0.0
0.0
-0.8031871245618276
-0.804406080200858
-207.04489713843887
-207.35669164827587
-414.52744071367067
-415.1468446387799
-415.764753860053
-416.381162555809
-625.087668464581
-626.0071559727726
-835.627408718703
-836.8469162761259
-1047.3748042671675
-1048.8912387898913
-1050.403825622151
-1051.9125505129894
-1053.4173992478354
-1054.9183576486375
-1267.533557837028
-1269.32508713112
-1271.1118978619106
-1272.8939731948208
-1274.671296339886
-1276.4438505519154
-1278.2116191306488
-1279.9745854209145
-1281.7327328127851
-1283.4860447417361
-1285.2345046887997
-1286.9780961807219
-1288.7168027901166
-1290.450608135622
-1076.9563657936958
-1078.3931809483763
-864.02928744664
-865.1723507760078
-866.3120913748362
-867.4484985049688
-1085.5151026632384
-1086.9269622546753
-870.8376121733311
-871.9605786767581
-873.080158493818
-874.1963410763009
-875.3091159080036
-876.4184725048299
-877.5244004148889
-878.6268892185926
-660.0090136962078
-660.8309655071628
-661.6503138439979
-662.4670509871578
-663.2811692416885
-664.0926609373106
-886.2471474501986
-887.3217522066008
-888.3928255501204
-889.4603573895552
-1112.9382210258684
-1114.2634857511862
-1338.526970280063
-1340.1063548617064
-1341.680354008717
-1343.2489528915373
-1568.8016663367337
-1570.6188771672305
-1572.429736733231
-1574.2342279735783
-1801.0542398966531
-1803.1017584522015
-1579.609322030086
-1581.3881705586427
-1583.160566358951
-1584.9264927322429
-1586.6859330407033
-1588.4388707076257
-1590.1852892175689
-1591.9251721165122
-1366.1199772054993
-1367.600196980613
-1369.0747722856788
-1370.5436892278688
-1372.0069339676652
-1373.464492718992
-1145.912717365588
-1147.1179955391478
-1148.31850057106
-1149.5142211506711
-1150.7051460124046
-1151.8912639358675
-1153.0725637459557
-1154.249034312959
-924.5169251885118
-925.4505304544371
-695.0111302068651
-695.7057174260741
-696.3973725959206
-697.0860891999206
-465.483699043405
-465.93920837665246
-233.6509460559005
-233.8771654534487
-234.10239203167035
-234.32662366857534
-234.54985825154756
-234.7720936773647
-234.99332785221793
-235.21355869173203
-0.9160808720660882
-0.9169299691615799
-0.9177751381182814
-0.9186163709733663
-0.9194536598010931
-0.920286996712878
0.0
0.0
0.0
0.0
0.0
0.0
0.0
0.0
237.46762485096679
237.67073323060373
475.7456166774491
476.14769654292536
476.54770226940866
476.94563008821353
716.012214375347
716.6028555389489
717.1903630583537
717.7747313983124
718.3559550531525
718.9340285468292
719.508946432977
720.0807032949617
720.6492937459307
721.2147124288635
721.7769540166237
722.3360132120071
963.855846330391
964.5927511823927
965.3253918958733
966.0537615682006
966.7778533369815
967.4976603801284
1210.2664698949022
1211.1554915038441
1212.0391319259988
1212.9173828360779
1213.7902359595703
1214.6576830728213
1215.5197160031094
1216.3763266287224
1217.2275068790357
1218.0732487345867
1218.913544227152
1219.7483854398204
976.4622116056553
977.1213388918702
977.776084000481
978.4264407627545
979.0724030513029
979.7139647801414
980.3511199047452
980.9838624221065
736.2091397780939
736.6770643732478
737.141666193453
737.6029408614265
738.0608840312324
738.5154913883227
738.9667586495784
739.4146815633488
739.8592559094931
740.3004774994183
740.7383421761206
741.1728458142229
741.6039843200149
742.0317536314908
1237.4269161973139
1238.1286143037094
1238.824677093901
1239.5150980098774
992.1598964374264
992.7031906023835
993.241955784084
993.7761869065091
1242.882348670447
1243.538783603868
1244.1895322487453
1244.8345884739988
1245.47394620218
1246.10759940953
1496.0826505512407
1496.8293221225763
1497.569126970617
1498.3020581252326
1499.0281086810546
1499.7472717975397
1250.3829505825297
1250.9707572290367
1251.552807566071
1252.1290961097986
1002.1596939445374
1002.6114929227826
1003.0586695659147
1003.5012196608234
1003.9391390379878
1004.372423571516
1004.801069179183
1005.2250718224705
1005.6444275066036
1006.0591322805898
1006.4691822372549
1006.8745735132811
1007.2753022892418
1007.6713647896395
1008.0627572829396
1008.4494760816067
1261.039396927674
1261.5110975813784
1514.3723311427486
1514.9243131816963
1262.8910483449627
1263.33930042107
1263.7816796564932
1264.2181818833212
1264.6488029890136
1265.0735389164397
1265.4923856639155
1265.9053392852438
1266.3123958897495
1266.713551642316
1013.6870422107381
1013.9985164233437
760.7289457628178
760.9554548264703
507.45227491626093
507.5985442039796
507.74244303604837
507.88397005671294
254.01156196628267
254.0799516762781
0.0
0.0
0.0
0.0
0.0
0.0
-0.994239783400747
-0.9944697428975364
-255.63662623305996
-255.69333071364002
-255.7488368321613
-255.80314406566848
-255.85625190250173
-255.90815984230125
-255.95886739601232
-256.0083740858897
-256.05667944550214
-256.1037830197369
-256.14968436480393
-256.19438304824007
-256.23787864891307
-256.2801707570257
-256.32125897411953
-256.3611429130786
-256.39982219813334
-256.4372964648636
-511.9491791042181
-512.019169036078
-767.6310174663935
-767.7287157037871
-512.2146919426409
-512.2750485683393
-512.3329953891207
-512.3885318590344
-512.441657454839
-512.4923716760076
-512.5406740447321
-512.5865641059279
-512.6300414272382
-512.6711055990379
-512.7097562344377
-512.7459929692875
-768.6699377980829
-768.7170190844741
-768.7604804397306
-768.8003214543775
-1024.7821265238958
-1024.8255780485783
-1024.8642026571715
-1024.8979999857706
-768.9452094746993
-768.9633217570738
-768.9778117877534
-768.9886794302188
-768.9959245820799
-768.9995471750756
-768.9995471750756
-768.9959245820799
-768.9886794302188
-768.9778117877534
-768.9633217570738
-768.9452094746993
-1024.8979999857706
-1024.8642026571715
-1024.8255780485783
-1024.7821265238958
-768.8003214543775
-768.7604804397306
-256.90542770443415
-256.88969312627734
-0.9995048595892544
-0.9994342226792157
-256.8352322396739
-256.81466013021486
-256.7928790940029
-256.7698893362498
-0.9990104711033286
-0.9989116129723956
-0.99880805430611
-0.9986997960801574
-0.9985868393145017
-0.998469185073374
0.0
0.0
255.51054049363734
255.47561374401528
510.8789719455649
510.80431504063915
766.0908862149587
765.9716999693533
1021.1318865960868
1020.9633764065641
1020.7900709782016
1020.6119719438103
1275.5363512267054
1275.3017497674816
1530.0733953148895
1529.7775109738325
1529.474449485505
1529.1642137052243
1274.0390054632517
1273.7685258566787
1273.4920751496468
1273.2096559467577
1272.9212709088465
1272.6269227529563
1017.8612914018486
1017.6162785890324
1017.3665020723242
1017.1119642050135
1271.0658342315605
1270.7357675700187
1270.3997583813907
1270.0578098314134
1523.6519101701388
1523.227329108145
1522.7956326119388
1522.3568247487829
1521.9109096529405
1521.457891525636
1520.9977746350155
1520.5305633161072
1773.3989722992424
1772.8373542456493
2025.4485428563903
2024.7878170622648
2277.1323700495914
2276.3678453802245
2528.4363637666424
2527.563359312987
3032.0143210105684
3030.9385160279107
3282.3360118936753
3281.140050809289
3027.6266341953087
3026.4945526264173
3025.34842824482
3024.1882718488187
3023.0140943689184
3021.8259068677253
3020.6237205398434
3019.4075467117655
3018.1773968417697
3016.9332825198107
3266.981483423029
3265.603474832345
3264.210376607427
3262.8022018734605
3261.3789638976764
3259.9406760892234
3007.834478768348
3006.4790818336123
2754.6840114415572
2753.416176645356
2501.9415144580735
2500.765901165059
2249.6209076963096
2248.542163021582
2497.170096875388
2495.9485449510285
2744.1870905580563
2742.8181926772745
2990.6582385828715
2989.1374708852327
2987.6030123375967
2986.0548773969886
2735.7853239285096
2734.341167074984
2732.8845139929
2731.4153784062314
2481.757976505959
2480.3997410935663
2231.127176417779
2229.884418769022
2228.6315057466772
2227.368449155165
2720.7830966488
2719.214609173388
2717.633767985484
2716.0405879791088
2467.668258331395
2466.1975196983103
2464.715605211163
2463.222528831928
2461.718304627743
2460.2029467707744
2212.8088225842794
2211.424998580359
2455.5902145774926
2454.03046592698
2452.459656055267
2450.877799761863
2204.3564207553186
2202.912906865432
1956.8528815255088
1955.552168000962
1954.2426777837404
1952.9244232113106
1463.6980625277843
1462.6962530725825
974.4585989876696
973.7820055032286
1216.3763266287224
1215.5197160031094
971.7261464582571
971.0321887676562
727.7504297016467
727.2234791555994
242.23109830076885
242.05329397898046
0.0
0.0
-483.97029266063174
-483.60539652596003
-965.5347362909692
-964.7971118053232
-1445.6125681078838
-1444.4937217754566
-1924.178314800445
-1922.6697954237136
-1921.15281386898
-1919.627384428607
-1918.0935214745484
-1916.5512394582156
-1915.000552910341
-1913.4414764408418
-1911.8740247386802
-1910.2982125717263
-1908.7140547866202
-1907.12156630863
-1667.4469138700492
-1666.0388490286452
-1902.2942671465119
-1900.6686067173086
-1899.034691396048
-1897.3925365767939
-1895.742157731238
-1894.083570408555
-1892.4167902352576
-1890.7418329150473
-2125.0758107843235
-2123.173241741241
-2121.2615274231835
-2119.3406858415196
-2352.576526062792
-2350.4221287209184
-2348.257651022806
-2346.083113361252
-2812.495197897637
-2809.8618540461703
-3274.933680285418
-3271.8336258046625
-3268.7196336647576
-3265.591733204429
-3495.4170914657448
-3492.0361237381862
-3721.15582206461
-3717.5179629255954
-3713.864379001398
-3710.1951047145476
-3706.510174635405
-3702.809623481829
-3467.9565731468233
-3464.4580581942187
-3460.9449967182477
-3457.417421817498
-3453.8753667272968
-3450.318864819396
-3446.7479496016613
-3443.162654717754
-3668.8075157875796
-3664.952695586897
-3889.8444611618556
-3885.716449942256
-4109.847666656634
-4105.442827237926
-4328.806088686195
-4324.1208126901465
-4546.708759848667
-4541.739467977229
-4536.751509700922
-4531.7449320141895
-4526.719782086902
-4521.676107263909
-4516.61395506459
-4511.533373182416
-4506.434409484492
-4501.317112011108
-4496.18152897529
-4491.02770876234
-4261.606713563066
-4256.676021599671
-4251.7281430171315
-4246.763124432276
-4018.5752697186754
-4013.8391711260974
-3786.408238465974
-3781.904821331464
-3555.238130951227
-3550.971128076921
-3325.0759514395645
-3321.049066688989
-3095.9326260861626
-3092.149534111123
-2867.8190022577996
-2864.2833482271376
-2860.7363903424516
-2857.1781620216852
-2414.7238506622202
-2411.6938887499923
-2408.6544751669335
-2405.605638549118
-2620.883274270705
-2617.536904440491
-2831.9578208926123
-2828.3106448048966
-2824.652503782837
-2820.9834322918978
-3033.9540167222576
-3029.979363491501
-3025.9930512507203
-3021.9951175572733
-3017.9856000780087
-3013.964536588915
-3009.9319649747595
-3005.8879232287363
-3001.832449452106
-2997.765581853837
-2779.9121944991807
-2776.114682845649
-2559.11639622542
-2555.591610662645
-2552.0572236473895
-2548.5132684791606
-2332.948810988816
-2329.6826390871847
-2114.9912479783993
-2112.0061428891536
-1687.3752652787343
-1684.974434862463
-1472.3491046602576
-1470.237360921559
-1048.8912387898913
-1047.3748042671673
-836.846916276126
-835.6274087187029
-417.6094551547884
-416.99606491850477
-208.59641087103887
-208.2876057349583
-415.14684463878
-414.5274407136707
-413.90654792048855
-413.28417210902404
-618.5882756744599
-617.6508987880457
-822.0144452317747
-820.7591716727687
-819.500993825515
-818.2399235440352
-816.9759727096039
-815.7091532306343
-814.4394770425662
-813.1669561077548
-811.8916024153566
-810.6134279812178
-607.1967317931006
-606.2335838531665
-605.2683468326762
-604.3010298256874
-603.3316419458534
-602.3601923263394
-601.3866901197354
-600.4111444979691
-399.88220892924517
-399.22871440016365
-199.67541113310233
-199.34668267393118
-0.7743863296774984
-0.7731020482338138
-0.7718151937375102
-0.7705257783127886
0.0
0.0
588.7812772388104
587.7832325036809
782.3776904115398
781.0418567666388
974.6293604031687
972.9532471109646
1165.5287962479856
1163.5099506137146
1548.6498382014097
1545.9481325544493
1736.1466979982065
1733.0962432881865
1922.2670152597757
1918.8654868074696
1915.457939233282
1912.0444046416933
2099.487406712949
2095.71945341656
2282.1218407819283
2277.997248190567
2463.354470214355
2458.8710570406897
2454.380154926282
2449.8818061825255
2445.3760531909666
2440.8629384029155
2623.7534662112785
2618.8774700188987
2427.2798488109024
2422.7377127311634
2232.1739336712485
2227.968034994231
2223.755616885462
2219.53671903257
2030.7020994188856
2026.8230062206687
1839.0346206658119
1835.4976050510666
1831.9553557715528
1828.407906200854
1642.3697607853942
1639.167785932404
1454.1877521684085
1451.3334193488581
1448.4750603735856
1445.6127021728482
1442.7463717145793
1439.8760960041395
1257.3766643235526
1254.8583399045624
1252.3366344732453
1249.8115717880503
1247.2831756390542
1244.7514698477426
1597.1354720572926
1593.872003288312
1767.3381904302105
1763.702896822417
1760.0630459693969
1756.4186721642943
1928.0467907171515
1924.0281423914719
2094.5505079262184
2090.155961724714
2259.5692107070777
2254.797185009803
2076.941162833814
2072.5259814461797
1895.7635997083996
1891.7071209210058
2059.2502743802784
2054.8151233663843
1879.5104939367486
1875.4360157474443
1871.3571335726226
1867.2738858417963
1863.1863110256108
1859.0944476354737
2023.6345464253104
2019.1614647788933
1846.7935117393606
1842.684879970179
1838.5721527829046
1834.4553689259249
1663.9405156234966
1660.1907148973885
1490.793598956861
1487.4123625352956
1154.2439735551968
1151.6092320724074
1148.9720823469547
1146.3325492249528
980.3062779214061
978.0397991038357
813.1427844830246
811.2507717677034
809.357145599646
807.4619238198017
644.452099427323
642.9334118908387
641.4134907548241
639.892350339337
478.77750373194147
477.63485175560794
317.66087839405856
316.89794134151964
316.13443053419394
315.3703531655588
314.60571643443
313.84052754489335
313.0747937062362
312.308522132881
155.77086002215822
155.38719733251432
155.00327661221743
154.61910147840712
154.23467555061984
153.85000245075514
0.0
0.0
-0.5964630327047485
-0.5949566830050669
-0.5934494386634609
-0.5919413138805534
-0.5904323228652606
-0.5889224798346622
-0.587411799013863
-0.5859002946358629
-150.1877111019451
-149.79884214998214
-149.40977252928772
-149.0205059055122
-148.63104594616178
-148.24139632056446
-147.85156069983515
-147.46154275684106
-293.5704302849953
-292.7912061163188
-292.0116400271639
-291.2317393622747
-145.50884687655656
-145.11781222395615
-288.89010340750514
-288.10893794912124
-287.32747468462014
-286.54572097662015
-285.76368419047554
-284.9813716942083
-426.02118941547417
-424.84768971598925
-423.6738098775441
-422.49956095994025
-421.3249540264574
-420.15000014374834
-418.97471038173313
-417.79909581349864
-416.6231675151908
-415.44693656591085
-414.2704140476125
-413.0936110449955
-411.9165386454029
-410.7392079387161
-409.5616300172493
-408.38381597564637
-407.20577691077636
-406.02752392162694
-539.6232702365835
-538.052251093406
-536.4809912076664
-534.9095053831157
-533.3378084256315
-531.7659151430814
-530.1938403451834
-528.621598843364
-658.6829582265814
-656.7176786840541
-523.9040222513769
-522.3312620774674
-520.7584092775423
-519.1854786703586
-646.8893593966799
-644.9234408621081
-771.4485931004842
-769.0897200091208
-766.730841361663
-764.3719793824736
-888.9327190880256
-886.1810858980891
-883.4295499286208
-880.6781371034358
-1003.2750493498536
-1000.1311670911498
-996.987514425338
-993.8441209705924
-990.7010163426437
-987.5582301545016
-861.4238726622758
-858.6743780581621
-978.1320783123363
-974.9908619493291
-971.8501120405957
-968.709858176959
-844.9327686630634
-842.185800764208
-839.4393445908909
-836.6934260190675
-833.9480709196262
-831.2033051581483
-946.7444549718156
-943.6092341192923
-940.4747753855388
-937.3411083021077
-817.4892213132314
-814.7485344287443
-696.0720833886417
-693.7240474800042
-576.2222337652047
-574.2664753263465
-572.3113409118971
-570.356848942311
-341.2192979803271
-340.0467969911173
-226.06336632421392
-225.28175691746335
-224.50044163586753
-223.71942784064996
-222.9387228901943
-222.15833413997441
-0.4315365866325232
-0.43001663673912405
0.0
0.0
108.9179649105686
108.5295548961094
216.2826566479872
215.50657770385823
107.36544013586028
106.97778582993467
213.18065917293637
212.40615011182075
211.63205177362124
210.858371451567
105.04255821747407
104.65614700452417
104.26995572753786
103.88398802504665
206.99649506695218
206.22547577422128
308.18238815418033
307.0272769686756
305.8728909877888
304.7192410876593
404.75511751665556
403.21892399926895
502.10469421427723
500.18703262103554
398.6165506294084
397.0845434131545
494.44202360249193
492.5297393245662
490.61884444940455
488.70935698065347
486.80129490870127
484.89467621050693
482.98951884942835
481.0858407750577
479.1836599230493
477.2829942149501
475.3838615580338
473.4862798451285
565.9083203453416
563.6350088993265
654.9242267100074
652.2765476853291
649.6311649204974
646.9881033391962
644.3473878432397
641.7090433123394
730.3692509758471
727.3595046315672
724.3525531092536
721.3484247391394
628.5537543467522
625.930156812783
623.309103763273
620.6906198926822
706.3711198528714
703.384523822663
787.9510670586826
784.5979747327792
781.2483439142134
777.9022061617952
774.5595930014285
771.2205359258091
853.2056293268058
849.5035731464122
930.3861302144943
926.3228298449092
838.4218796681876
834.7362562043064
831.0548278281203
827.3776292245013
906.0751645423118
902.0396658623399
898.0089341278076
893.9830073145722
809.0562939574754
805.405200117021
881.9344354800478
877.9281071998346
873.9267730340244
869.9304706815027
787.217488903409
783.5937381586225
779.9746643448224
776.3603015594038
772.7506838553695
769.1458452410202
688.991237711667
685.7555769802109
682.5243090075852
679.2974642374385
676.0750730717431
672.8571658705137
669.6437729515196
666.434924589995
663.2306510183616
660.0309824259353
729.8177210651647
726.272867465292
722.7332308495387
719.198844566873
644.102767725117
640.9313605341256
708.6275204631955
705.1144680085222
701.6068318835074
698.1046451356258
625.1471466849049
622.0050765337124
618.8679997717504
615.7359459552343
612.6089445930589
609.4870251465163
538.9957484702371
536.2298218718364
533.468490838877
530.7117813874564
461.96475455386667
459.5607896912163
457.16093677521957
454.76521841628187
516.9984653552599
514.2700292756754
575.4896951146422
572.4310389317363
506.1136384033679
503.40456595264595
500.70039833311705
498.00116102231266
495.30687945130967
492.6175790044965
428.6916243919152
426.3472699378393
363.4348631607678
361.43302087450076
359.4350090912901
357.4408466355632
355.4505522954803
353.46414482275634
292.9013691104067
291.2525544191443
289.6070254796155
287.9647977953021
229.06070947086488
227.75224644046693
169.8348461046271
168.8575251528962
167.8822311830648
166.90897338394268
165.93776092515486
164.9686029570571
109.33433907376508
108.6909913316552
54.024515736530205
53.704232773128055
53.38464979319258
53.065769807700306
52.74759582100411
52.43013083080557
0.0
0.0
0.0
0.0
0.0
0.0
0.0
0.0
-0.19377086739593952
-0.19255910319628677
-0.1913502355754403
-0.19014427592284266
0.0
0.0
0.0
0.0
-0.18415849389023564
-0.1829702196836679
-0.18178493239833338
-0.18060264320151065
-46.11180435068323
-45.80950562550148
-90.83889807535843
-90.23859279253273
-89.63985395474877
-89.042687203072
-132.58444149693693
-131.69401187652872
-130.8059640877988
-129.92030649756015
-171.99346376639664
-170.81937600625542
-169.64850741722722
-168.48086903074383
-167.31647184780226
-166.15532683886366
-164.99744494374718
-163.84283707152935
-162.69151410044006
-161.54348687775953
-160.39876621971766
-159.2573629113912
-118.62803145987951
-117.77670241081864
-155.85316446603926
-154.72513778072678
-153.60048189967034
-152.47920741890394
-189.1647387319378
-187.77191053181582
-186.38334774531478
-184.99906345488952
-183.61907070268464
-182.24338249041074
-217.0181749450951
-215.37794003084952
-213.74291639998464
-212.11311945700618
-210.48856455717458
-208.86926700636312
-241.77530840287338
-239.89862285945551
-272.0131763131048
-269.88270144910825
-267.7593362718729
-265.64310078685196
-263.534014932327
-261.4320985792165
-259.3373715308932
-257.24985352299296
-255.1695642232333
-253.0965232312252
-282.39427961466737
-280.07860861095725
-308.6212293168836
-306.066662272081
-303.52127592829623
-300.9850942670894
-298.4581411832959
-295.9404404848063
-322.76375976911737
-320.01482001462114
-288.4430894711223
-285.9626346459443
-255.15346450474934
-252.93784619606674
-278.5775838842519
-276.13474884481576
-246.34192614636527
-244.16033347080685
-215.11148599552396
-213.18742058044853
-184.87501279996147
-183.20473164617275
-181.54117086035822
-179.88434611588804
-152.78643482199763
-151.37775598114297
-149.97489140648224
-148.5778543152157
-147.18665786963845
-145.80131517701886
-144.42183928947247
-143.04824320384057
-118.08247987161356
-116.94750077575401
-115.81745437131262
-114.69235130511144
-113.57220217739778
-112.45701754174573
-111.34680790495622
-110.2415837269568
-109.14135542070548
-108.04613335208973
-85.58144108963897
-84.71312871528029
-83.84884676887636
-82.98860339332829
-82.13240669348761
-81.2802647360789
-60.34375676845082
-59.710544593798026
-39.41253748533226
-38.99420821419677
-38.5779281911388
-38.163701338173645
-56.59050247189265
-55.975738951875144
-36.93337872960587
-36.52740338973224
-36.123500539133424
-35.72167398321234
-35.32192750780984
-34.924264879168845
-17.297998615754775
-17.10087324588397
-0.06577742191333069
-0.06501857206468764
0.0
0.0
16.068259890211138
15.878201780887778
31.378400071967576
31.002512872388223
45.94311825673289
45.3856522346215
44.83137649445828
44.28029625839622
43.73241671848166
43.18774303660484
42.64628034445225
42.10803374345778
27.715338869836103
27.360806046084093
13.50421368232088
13.329103072736288
0.0
0.0
0.0
0.0
-0.04871011085517796
-0.04805150174042727
-0.0473971506943176
-0.04674706388186872
-0.04610124742792565
-0.04545970741709937
-0.04482244989370965
-0.044189480861729136
-0.04356080628472547
-0.042936432085806275
0.0
0.0
10.518827617421337
10.36340636515554
30.627280306175166
30.167670846004242
49.51899174200172
48.764095337673226
57.61772317120614
56.725224860197784
65.14599919441466
64.12039734216675
72.11729498241016
70.96310409792886
78.5451288669655
77.26687926401321
75.99875534444364
74.74076905598726
65.32705088965429
64.22689483169688
63.13578135221303
62.053720731214526
53.35813276799425
52.42719891339566
44.146468154472416
43.36215708381201
49.682118787107726
48.783027960845544
54.733622007447934
53.72434407974015
52.724207681121015
51.7332222344553
50.75139707639062
49.77874145727071
61.01908067630973
59.826219256494824
64.50933918086122
63.22249498345171
61.94832071402077
60.686828377302874
59.43802985854744
58.20193692340921
56.97856121783619
55.767914267958815
59.530917250891946
58.23802051645714
56.95904663378036
55.694007652815685
49.906005867875194
48.771966777673725
47.650733762249374
46.542317385387506
45.44672809012113
44.36397619863193
43.2940719121526
42.237025310871616
41.192846353836785
40.16154487886335
39.14313060244035
38.13761311963806
40.521820258930404
39.45306142641863
38.398402429647206
37.35785320516982
36.331423556603966
35.31912315453718
34.32096153643886
33.33694810656732
32.367092135883354
31.411402761962393
30.46988898890686
29.542559687263974
28.629423593940658
27.73048931212014
24.608618201918546
23.810654932743674
18.839236019993706
18.207703259075643
15.632757877558788
15.090391047929984
12.73783852271383
12.279906603034703
10.140257762008503
9.762021528546171
7.825774245306789
7.522486629792695
5.780126361089003
5.547032809054542
3.9890331328801665
3.821371962449547
2.438195116754798
2.331197877876093
1.1132952998732435
1.0621871339658924
-0.0039541989169362135
-0.003763902876696812
-0.9196185162059418
-0.873116001789132
-0.8278159341877516
-0.783718740200023
-1.4787670836745288
-1.395548878993672
-2.6269054876638194
-2.4702373953464307
-2.3183745889110097
-2.171318499144992
-2.0290705115489875
-1.8916319663236938
-1.759004158357322
-1.6311883372132476
-1.5081857071183493
-1.3899974269516835
-1.2766246102335608
-1.1680683251149058
-1.0643295943674136
-0.9654093953737064
-0.8713086601184
-0.7820282751789434
-0.6975690817176528
-0.6179318754734042
-0.40747052272611795
-0.3549601820018167
-0.3060690942540608
-0.2607977201141615
-0.21914648610992682
-0.1811157846617767
-0.1467059740790293
-0.11591737855635786
-0.08875028817101593
-0.06520495887984923
-0.060355855435691164
-0.038628020431671906
-0.021728380910276957
-0.00965709609280635
-0.0024142797098086755
-0.0
