0.3239601732702202
8.723627353316028
6.72335404991316
7.071738854552981
8.877190081055078
9.20390178487086
7.135958545102513
0.4637234622563301
6.333731289695435
6.747205221482771
3.940302912862445
0.5338364681406491
6.306376219339954
7.46886076392234
1.059715619906213
2.440644747599484
8.191905013050484
2.345380878301852
-0.3369347745469773
4.421530098337219
1.0504420361660038
9.808247591824664
10.350445619907823
11.474098513409517
3.698270817574095
7.707608977193531
10.64213077698102
3.574301237734005
0.42748413019857423
4.37189234565896
8.22465208418812
7.620035786433172
0.04867298933998576
9.394618003795774
7.183316548574269
6.5501484006275685
8.03134697906926
3.540185010274909
6.897454630218873
0.3234512535774179
0.8717236009225637
6.772371497341437
10.478298199890922
3.980772947053478
4.7863264177909235
5.1350483692122175
4.260629022698309
7.104938050501136
8.298233745712244
4.376208189893229
7.9246915427445686
0.2548050808366369
9.287377732442437
7.510709168378607
5.372777238747121
6.295852825592074
4.368524295667985
5.186784232507238
3.667615229465945
2.9748650136260477
2.312974968850723
8.60926041145699
12.752825183257091
4.5605114284880806
9.082728960349943
8.894407270056194
2.360630474744631
10.071751841730539
8.375764603715536
-0.06690116945183472
7.919138984235923
8.564167341856217
5.136170604096794
7.328115882687601
2.549486496221402
3.709984742138457
1.4851899192442473
3.8134227727586523
6.199633929874746
6.692648954257924
2.7093786054711915
6.381895695575638
9.4940387792449
4.206083487046494
8.333011137902567
3.8019571169493394
1.2275283955546978
9.422017505155681
0.7246189031802887
4.819888330301031
0.6992413772311328
1.546533767492765
7.100037985193192
8.48589235338627
8.851689106020237
0.6305473463894508
3.965229587889608
5.789077893823449
1.1309628173813704
8.194563988359604
-3.1910811486587054
5.285566550453259
3.817633054571954
8.292765018190927
11.912867633003176
8.206688605958217
0.9290333478900098
1.6417408482954612
4.441594535751256
2.5836708445977434
3.435038178470931
6.823227555939818
7.760630903525926
5.58151657999036
6.436297304977457
8.169244130999461
3.7887567743866337
4.66631816857904
0.7447549545146407
0.6120178109186575
-2.1205594204453204
-3.8433351392793056
3.2106428226982455
4.71910302857328
4.0427984367747
6.710261326878303
5.518367212968962
1.012151484441047
7.599008019220207
3.3494286666211974
8.433275529671839
2.9841788660161734
0.7643339447876882
4.420472898950538
8.212062758169202
6.601742958587008
4.393491176054573
1.2679553663938026
1.4764077932265665
5.437029343913288
2.658779013225754
-0.5815206065671606
1.854026533967974
4.9978263362074955
5.225171410681305
10.170668605026856
4.902711180097788
1.1764933774038018
5.633880127834734
0.722695753163195
0.9076301451864114
8.740056323423236
5.642678634355095
1.9680593260976162
7.581933428317843
6.500366011392785
4.421357126942838
4.696153813565557
0.49507322841110646
8.895573787376733
3.6106965473467474
3.5953914090656305
-3.2145596824384204
9.532565900010116
3.677466294669385
13.129632849846928
10.314036773798488
5.058173622011273
7.838466617273955
1.0043359867886288
9.402228485453897
6.782780095658866
4.562398744071441
8.365369270794542
4.506046742204866
0.9328247366651867
3.247441760986682
2.8324658619308707
2.2094187034397454
3.5583806088741627
9.142227865310495
1.2260827972586434
2.8512850367796214
7.949198754566584
7.545185521167771
9.816000048969853
7.984021297444511
3.114694475440258
4.43173970839228
8.262326872373182
9.686255906698175
0.5105054121500371
6.738464096979551
1.0117600863898533
1.4869360724892984
4.117903211672664
8.83656792146046
2.848451058818565
7.6488742441346975
6.882258167118376
8.701051725633203
7.268448053138417
5.307603542311577
1.5447817289974695
2.7575889171001595
12.4545373371702
12.34510599406735
1.4149139256988512
8.584087388467584
1.6979869686738134
2.4712152498823317
8.587263413789353
5.947385125847371
3.9213714584171346
5.425571271049068
4.056343365449365
5.9893072387598245
5.762962234224051
4.829725352498103
5.816031367870806
5.003477773417992
8.917959155537583
6.896314595255905
-2.33169551025005
4.536798044342038
9.75503315148993
10.858369269898626
9.086944135805474
8.72617633563132
6.204667510982266
8.895516817436084
5.678835142927051
5.347633717971556
10.334050624526256
7.703142689011252
5.339888008934328
9.621783954176065
4.166710215862214
7.432488810442937
0.6023825859510783
0.04136750620377261
1.1599239358465532
8.250226090732156
5.1535985002144145
2.7820702191642743
9.17221454288934
7.4096449332823955
9.299163093176961
6.493862072204208
3.046524743292089
5.37710198045336
7.634235103570583
1.6457694436869184
2.902290783689688
5.312453747168384
3.582555492233772
3.368553770371944
8.88824165582394
2.3968813611327953
1.4595048833350988
4.975616604454071
9.34477185321135
6.571644583511608
5.785886321433832
2.8217931169560133
3.8119938151964123
10.122317627349325
9.108411874019662
4.740481936660706
5.182395962909084
1.157193425136884
5.867603983258801
7.537464537695737
3.6843069618541033
10.397728424224207
4.716877559410979
8.50172859703788
8.59675030640688
4.386996890705884
8.936070635045374
6.540957320357059
8.612198628461005
7.688922577530009
-0.7978688592531353
3.352550382436438
3.711063287353621
12.41148724232662
11.24057159746651
8.18325642733871
0.9219779363363119
7.649289506859521
8.741262964522885
7.299960002379917
5.646364743099155
4.164673132223101
0.7569035585013346
1.9201815073685542
6.123192304827626
6.494265728859918
2.402871037834039
4.1596137220078875
0.0910141651537012
0.8248452692147695
7.60561547744567
2.7660470839669893
1.6306462726034632
3.150576008497048
5.1634935616472575
6.441418809540928
0.3245488601706571
8.567373478811186
7.360846056485234
5.416443237899379
8.411386714243125
3.7939441025741107
8.552738641891281
4.7799094862154705
6.628321079712269
2.0295521638529777
1.378501446381491
2.5898373138553796
5.462680547359142
3.7098775809898363
2.221329748369936
3.5017999973886442
5.477103580110298
2.9364338794639826
5.674530069547406
5.471930761447295
1.0309139846614155
3.734067034254677
9.370963333390876
2.175276113297245
3.5826927493127974
7.728892077966141
9.551303620539894
5.212290410418921
5.651396791449431
1.8063529484621657
1.1879419998532077
4.621837305843979
4.69448815625939
8.03923562049776
5.533979636041504
1.559463260718065
2.989263626198386
-1.3809428258523022
4.6570305067310045
8.717804358193264
4.0552170831199845
7.4596285755512834
7.0863302983824275
3.3112813541502817
9.120014043228757
5.509417339063214
6.6362876453783795
9.514259599922683
9.534914482207942
4.93115889614004
7.823299819233227
7.081747687332204
6.521674412578335
1.7014979103630674
2.0358009723076465
4.8638025905164355
-0.5857591244811875
-2.49717734226612
5.662145974100659
13.658350028034187
5.455125596435682
4.432386623479832
5.6081704309870615
2.9460032866984496
7.9502607690087
3.1844596845938717
8.746407162750904
6.196819018918318
6.739319910401456
8.791002617962182
6.814748287292676
1.2178766917524695
7.587456595790973
4.6940273419094165
5.465551896879828
-0.1983391783638212
5.5320002865999385
5.923810833678815
1.5417657927914552
12.893513989670426
6.74922826075173
2.167393475143084
2.4563465337123302
10.341741533190088
3.2604320545464036
4.253520001214278
5.1625876638906005
6.348352915597775
6.139739849466715
5.65939834948096
7.424209600332594
5.425305113915771
4.038798049020809
0.18407673675475655
2.3397182406034576
9.946350010498985
1.5877474109857217
4.260256002205686
2.4914851085760246
11.407460159824096
5.463243341263483
9.22165591613492
2.6903499219187035
1.3110351813246313
1.7481080884202185
9.06190271161312
9.10817245930615
1.907715672256164
7.537723527751426
9.129483953312919
6.540993099124303
4.21570970973303
8.827633564948426
0.7735094379416076
-0.042044894895727714
4.750901878158218
2.454748651837594
1.840756461925312
5.554774935052505
3.2387986699245292
7.265883846446192
12.602472463791111
2.493216496996204
4.517818552563548
6.499585119770985
2.606433851552644
4.618396331295222
0.6476836010149496
10.328124154725545
3.4284767867088326
6.284043425725821
2.357703339275276
8.98580883879497
2.681281518933961
2.003386160077275
8.825444103596725
0.6820393719532439
0.680230686008152
-3.11228199902977
1.4333638234187753
12.803864275455943
6.073347348101567
9.749243106057296
1.3655293639919461
3.1290432244365673
1.801236754504961
1.504178836189285
2.9392286667509278
8.536564709365106
2.5734776117849556
5.497577773608697
7.195925378651547
9.729273460572257
7.2745353710980005
6.352550846581167
4.311814007542537
6.983432901257569
6.500850755781235
4.886465817306377
4.8659447897606025
5.564260392691418
13.403821345541752
12.258719363534238
5.687131144480166
6.344243286440454
8.410420708369369
0.6607764721344422
0.6976442906081795
4.286440459341592
4.298715477275966
8.065667034013218
5.300927130738424
6.403072765236387
10.160306336347572
7.759782817729025
-0.17374019359651716
2.1956158087167945
9.088555893623948
5.638215698322267
4.285722281107233
1.8795876916068663
7.01914780001268
12.90278024640391
6.028902354213437
9.203052234750214
3.079346816391001
5.955996223922634
3.2998766856707036
7.164175719211321
5.721476072976027
0.26868371335189384
1.803534742801102
1.00135578626439
2.898577229536855
2.6889755028288542
-0.5445386557088251
0.7710808475922011
1.698363826757617
2.0742529214079988
-2.2363071585467758
0.5429146043787255
2.9852481174908045
6.3025686248574795
8.952203192886856
3.9870732150937673
9.189922908392047
9.478905585790487
8.707179753841748
3.9241976085354517
3.8195163834151717
5.26377205006224
2.025443029567093
7.282518128396607
1.3151454419363622
4.735787543421922
4.360876894475534
3.4721637860252286
0.9544154955359667
4.684806550317116
2.5986589818621795
-2.587273061264203
7.813642688800817
13.31337101559449
6.465815331689552
1.8398947613046048
2.6274407027652438
4.041869023833772
10.529134725263253
1.5073784084124837
3.9660541675080294
5.196035735548926
5.3329868780841325
7.345152322403109
7.378718800003231
6.819122707076707
7.672638294843955
6.091502913017056
4.492074320610342
4.704113619504484
6.673460868277714
-0.14366343632215406
1.1876398530765688
8.059601386730817
4.448516613440957
8.095087628710292
4.974082010861138
10.508923155836266
3.3267939183678124
6.436037837458787
4.006887786360316
10.439465501852403
0.5159050854805474
2.9331408171574687
8.65813307242168
0.6248426420807786
0.5398563590216661
1.7392544280616673
3.4559885473824354
0.2925396408971145
7.2488336786629946
-3.095555376381965
1.3908984257941306
7.151859939021741
11.73132922543504
11.55207639650568
3.133595614629093
7.772657150060717
9.077797626961331
5.294396354336524
9.664393005334688
1.0273557973141854
10.430886999961224
6.697325485647519
0.48897731988288107
4.657761107093196
3.4531499725614943
6.507906787070616
0.8956651407651094
2.43093255764634
9.242961012824077
3.568526362558651
-3.0416945068300443
2.231782894640167
11.385391683909983
8.847762282292141
7.939083250292556
0.018430171774949183
7.418172115152453
4.207086424774758
9.411816514512962
7.45968654366639
1.1540430583882753
2.158138700742401
1.150889832170233
9.698493903257535
2.2709817826344008
2.1533694536933328
5.085165442888759
-0.0016848664493799292
8.173998710131157
1.9097561404120664
-1.136351082827576
5.060877452355792
6.7074183772640295
9.521554470713749
7.899037107810258
9.295693108705661
1.036165646040042
9.993046857942108
3.376571751291117
6.766671186579952
7.459023909823805
6.191379294525077
9.585379953986374
4.466563235513235
2.765985093829327
4.819609489870709
8.834102148612443
2.823695555584113
5.142166645677542
7.147421213790046
2.40774659918656
-0.9982810648063899
4.410782434224436
13.385449503786575
11.895573424662008
1.3574761989298505
5.422807768398572
2.001524603983903
1.3032637492180938
4.959884996500526
2.0782206530992298
4.501476620051838
8.469347723275058
4.85661522842743
0.9606945309447651
5.787379751962729
1.9536027815350998
7.382086237815889
2.496638144995331
4.3603982096480065
6.875856262461019
1.9296998506573715
6.614559586241426
9.392707981272315
6.365367508405664
9.227437661194447
9.079731311966734
1.5339960588629262
9.138072238450281
8.8122085986376
0.9112601492982328
8.755971376555427
2.803565356297
7.237740172899392
9.041808832791123
8.748600683947464
4.195805633344924
2.2406219225947055
9.16743210706557
0.1702423476770316
3.9977503870140962
3.3583903171285643
1.3717023335711223
4.350560467301583
8.271811985627554
2.007641643163316
6.2435405977002745
5.2219062457623195
2.3893285100520414
8.274064194062273
0.11454003761487419
3.8327778151044787
5.581570832906653
-0.014565196919157641
8.224808516564737
8.197993660881595
0.2025076234733899
-0.6481307374117516
4.039745902371778
4.199521248773915
3.2721229584119524
2.861286733799118
-1.3134989129428931
10.543939767642852
5.0205984690233825
6.05012689125773
9.203800918592023
9.764365089060334
7.078212639601441
5.756943054314873
3.8344066019657603
4.977212558850352
7.576135639770594
7.652537741452806
0.5828787324101787
5.191675279049404
6.281578305379569
2.8391860213975186
4.2037343698005145
7.072574484938631
3.312952094926482
-2.2705609723819262
5.236968783772436
3.6258658445043244
6.383489379929518
11.784163833978099
1.3657451160712033
8.029501535890203
5.820974374895624
9.99875908824095
3.2323935636424768
7.576181375226483
7.820053935355939
8.982134119014644
1.5532348294315295
-0.05414031731229374
1.18117576423703
9.026451354433146
2.4241547285462364
5.264381025676439
3.5412791839592623
5.222062323081202
-3.662042518612944
5.981729288380701
11.477770951057833
12.222902537790487
5.338219631186448
0.6842388708342589
7.380521475380507
10.272714306932802
8.393253013813323
6.728805650716268
4.965972228810256
3.3254485232155577
3.5895386503688584
5.533917882008692
9.45215810561893
10.135487192401696
4.7412547352414895
8.202496401722463
9.781499806028815
8.750104290665316
-1.9436610369050802
6.185042886627885
5.9005858159854085
8.471903983595201
12.513745339891821
3.2361738919979626
2.8889796096404954
1.315473532469229
4.706881116556177
9.822969826818184
7.384770871236572
9.954307382669702
9.24271923942212
3.2835431371192603
6.4767153589141495
9.312526081499506
4.738769556393003
-0.3164695149232859
0.6242735726176185
7.8842931566335945
5.823358022446621
2.1281408406848628
0.23478422618960726
3.4304371377958733
11.854196833304465
5.645843208663607
0.8706177022583803
10.533389902618321
4.376879907584941
2.9140239253004014
1.60059795677993
1.252605054084866
8.82719153627206
8.375838679021982
8.792936045693446
6.451974706937197
5.700380333239508
3.8776074133822434
8.784641588671384
9.200893112543069
8.385502639924729
3.931863437536788
1.3217816911654645
7.314832208068402
5.906723419341963
10.497943285226839
6.182440421038476
6.797096882716031
1.8350230393277318
0.8454480323221022
4.45948215128309
3.834113416820186
3.768739805992631
3.605001312704054
1.9571076834837133
2.6611892889790116
5.62640683961201
5.962256986022361
3.1098139541487733
8.669262178537485
7.498114704553539
2.814976194189237
1.9331671000128487
7.639618073002514
11.453765591466283
6.108303569073401
5.034507809628731
4.452638954986245
9.035270236542562
1.7539414527127168
4.284776664821617
1.2627491021602992
1.736972957024903
10.273111680144618
0.855187256880998
6.151706326613797
2.900806244284693
8.753797173309747
2.373302250449434
6.542268125084812
4.398317994197079
3.740448852837516
2.7640268854483097
1.8628593876280766
10.650294473747708
12.893393278140927
9.352232094880396
7.057836459621238
2.8643613133766865
8.866589707283635
10.185395530690347
8.242716462749824
3.740350299729188
7.7727008833103906
4.10089176179915
3.8468435693640552
2.285887428918427
9.593337025069802
1.5296965913700793
2.5295734247267956
3.796275098503859
2.856119834236325
3.0170881007741075
3.0326712121066604
6.020234895307714
4.845029911431926
8.899324265919526
2.7918886851310667
2.2374184519833604
6.329065103344648
6.652950399189027
8.896365066317987
6.504325807167905
7.553645156968443
4.941271413159807
1.0592905429234982
1.8774156105892015
6.199711549839694
4.6987401253230345
2.4108490722212497
4.894478144135798
5.51552836533946
2.250135783913646
-2.541236848800926
-0.7302830659740767
3.0378893716744106
8.795679166364273
7.481655009907564
6.843487909046943
1.203597723699804
2.6142561395789476
1.0548877934196301
5.6604970439025415
2.8828006865229523
5.934104775835518
6.21291646418746
1.673163682053077
6.225402481135795
6.801629155971296
7.178797610420691
6.780183578398115
7.002935108698546
6.623701643740274
-1.3256094543842454
-0.4768430534202118
4.752508626041678
13.343344464595445
11.738918848222985
2.9636796315088594
0.7441564322353489
10.19990777656359
4.350807350822458
6.543204077878337
3.084982950128707
3.568536079867873
8.760135367067976
3.489751438952437
2.8441104168410702
7.490548256576845
2.290291101273919
2.4319907277735604
5.994467274542041
7.21607870436013
3.751104319690681
1.2950007286022025
0.020382919912913376
4.419792170526674
5.810896882706258
4.299955026439179
2.592130723972081
8.650989293316968
2.3232651671600064
9.716759140734796
9.800763627403716
1.9741571877645288
6.181461086951994
0.10264788597632457
7.858369337262413
6.797751701157553
7.650065535024543
1.5345264239361838
0.2624060190739002
6.6716298604955355
6.384197188119889
-3.727773780832519
7.187139518486388
4.113485316161072
9.4147642895461
7.323619723445082
5.635439503287456
3.01624115211279
7.730674224539805
7.739693841792601
3.2069648528032375
1.905861992317314
10.250476909803073
8.680734828642736
4.539121584506725
1.7846883845402512
8.558833938384591
7.303569633382201
5.167914642857594
3.1174295783621915
6.085014250919466
5.799645878737251
0.44027513753744907
6.762467662741784
4.06023202542994
11.279337524972497
0.9334740742852179
5.59078718860771
5.813983622606065
8.112559956392488
8.116190567466615
2.3018866554285364
3.6088375982192025
9.840257371135133
4.692892238008912
7.394364231659302
4.030239786623959
6.588475103945685
8.084912528817274
7.0213697835889475
4.301435905180983
2.833328997944065
5.155623471842836
5.11025645528745
12.16577383781912
12.665419868123765
5.32648910931246
0.41239964323937656
2.3704670131302397
4.855223894671789
3.3995263696423663
6.888212347201121
5.124821447293435
8.955565917789913
8.29330524806919
2.6988545681834735
1.6216748865567836
5.642125145927902
6.051431556537996
7.468798952562028
6.342583368214618
3.0606754209818026
1.3793003011397809
-1.0891575420076485
10.645764264378272
12.758096311839834
5.11964168515558
7.55853663487742
2.1836268284048126
7.721813220534569
3.26075174334301
7.5405604923786145
6.506289574401669
0.7392149857056515
9.411205974398882
5.785118834827843
7.233608306169154
6.134701595083232
-0.34615358708531796
-0.7995974793199855
2.6085592748183912
4.883196769157209
1.7794349401711396
1.9917324283652933
6.5868800541265005
4.560587335459279
3.5598614374121205
4.473219500456556
8.608353556148256
3.689971179544682
5.532168540468453
9.41218206750776
3.20359033727237
1.545037408371455
9.132662191082016
6.6325349559531785
4.209489660947196
7.2399847482956385
3.415314011604013
0.677574583299638
3.81888034580814
7.0236465044649785
-2.0229861001399763
5.517213475824991
-0.8601723937294237
12.440105716276994
3.7111348028116966
6.094658947258053
6.928898955348391
10.05817924952731
10.3643641420645
0.18941252719603896
-0.23282599091349454
6.356954149795663
4.669448102510504
7.5026424719840445
8.510584549926318
9.943925680070873
1.7858716397222092
6.420743950008712
2.6905228963507093
0.6547572039131262
8.301638299247852
0.9819192020264502
4.822552707900907
3.668360602621812
7.784721024339332
4.151845422746229
2.486602339818665
2.2508585221059563
2.448552459453297
7.247290139106122
3.5149338517601576
9.003687918984854
3.945753469651473
4.585222179138514
5.7435768495015544
9.115116388416952
0.2218271074736864
3.9010213662177686
8.834019289553307
0.15204622858737932
0.7202719833656993
6.308279276900726
3.059391219986814
6.1022377772081775
4.999185887557411
8.6529049269359
9.511167699655008
2.263895381392974
1.243756981869891
1.9463115008836493
0.6125124304487851
4.783468186033149
6.590875129413482
2.926815101806541
1.3803027313782652
7.333563654640727
2.7996285567396786
6.358343822681673
4.510415424669382
2.845276513994178
6.958328106695287
2.323705986444818
4.964256146338522
0.32763313055204346
2.633292663594159
11.30342240384084
8.081690568931142
5.5796806938366155
6.583672314895438
9.841877753466338
5.474512300055849
4.39004054233618
5.482041453577314
9.011302763509924
7.626991746786485
1.9945497308781304
1.3359075553783883
8.073644319101286
6.321705268196801
3.478216550382854
7.673886078755442
4.8586767182529185
1.1142780661159672
-2.2634434621319843
9.092843770958583
11.373360306432984
4.691895345585437
5.336823257707227
1.5090210811544127
9.173843156469898
7.756251850458928
6.798359548441981
7.763779927902751
1.7706976980180649
9.075373956144787
3.7846765522236225
6.080275239953523
7.842309135228932
1.8934001910780058
3.4802819266384173
3.9561244164382727
-0.2607040805489971
3.3551857650608836
-1.7882800225671667
3.5382204588904824
9.380113459255952
6.500689240124368
2.5523146655776956
0.2080914121266938
7.667522767896763
1.1269080903433852
6.592611430906393
0.6179688566221444
3.280452215204351
4.502365738982662
0.26478681094413403
4.708170333814118
9.68407929440982
1.1530302773465675
8.603679755772468
7.394949920281698
4.050053330216107
1.53478053249645
2.3517591183407753
3.9087107160816497
2.874270071454036
10.518091088211508
10.26193536754945
6.547117621203441
9.410497434775353
4.499116793473427
8.099921148454351
4.968506789510459
4.938183615225843
3.9822079939430615
2.9884572388217383
4.5640337390946355
7.181459477024343
8.91646861030426
0.9851682025934738
-0.4938770096932731
7.214566450411966
8.480519748649463
3.4842416570176304
4.028384629288993
1.6030081671976366
6.7119432891380875
7.569229605150933
7.829517056471925
9.370232199927477
9.440830878491324
4.631494554562427
9.773049536231026
3.5365013706260355
8.838184296544846
0.33641222985746916
2.8869065159522225
9.263254732998606
9.168602073907714
3.2540949139718274
1.3911894415697117
9.682082214559056
5.525152213723331
4.085300802126317
0.8829082738504489
6.380757773693167
8.325501418062519
6.777594074694476
9.136227806617535
2.9828445804410135
7.114650664218357
6.132026015732373
0.5795001618134826
4.316742102511725
6.8924497711086214
1.0593725060578227
1.0890840399763375
0.7390455323418537
1.6682336915349976
2.931355069369284
6.162141415384917
5.311626933564551
6.44233688303282
-0.3418160574741639
5.115944478245459
7.113576151474589
3.570788532169904
13.028045532868969
5.868165623663733
2.169375070516802
4.278034915462793
2.6016327930044447
8.606800886589577
4.827319586097494
6.972130737675233
5.398087980600925
2.0536248188935375
0.44056002646720904
8.319210429601396
5.051193942103762
-0.1328796397236017
5.9097892439242985
9.781657125338759
0.6224893673201165
1.3088081940918717
0.5984546836364789
0.3058809556154113
11.180907905561307
5.938028820310669
7.119230010778029
0.6328000254755995
3.7854706357969827
10.750054163501623
4.205132970701161
4.695807192839894
1.592546056249976
3.870195663804763
3.4339367072506075
0.12862807455900443
9.692610605213053
1.4179776322306512
2.7989431693705784
8.286596506151943
9.334517636306725
-0.31891078167088305
-2.0512424036569277
-0.6875024541695658
9.065195861244698
8.446012318871313
5.219267154646667
9.130562101153684
7.826057450982739
6.612443859708787
7.349640287031146
6.193519805134495
5.604011274272716
9.444183521444884
1.4313529406120469
5.515136593010855
8.930932406006832
8.34680372144344
0.7689218195968331
-0.6641449781352438
4.997959621344895
7.487321914795398
4.781730197820977
2.3590167758959875
9.674833608891115
12.626577015533261
4.601764878842475
6.718405043654437
2.841508808518027
5.934453734288424
2.3675013869096992
7.602098316742225
0.9529680641521191
8.994686776897872
7.2520578404995275
7.23229776471317
4.612198146652846
3.110459213914505
4.297741925754028
2.163840337224663
3.931634726711459
6.589501859317817
4.645467777676914
-1.6404409963424538
7.413586491056657
9.37469574486369
9.937888343322754
5.443097780460717
5.726734605295
8.627132203519313
2.633677490883376
5.923357309117952
3.720733491985242
1.6054168617260185
4.963989477828617
8.231009870247423
4.310687243485988
4.122334477917286
4.518912426116534
5.987619401743229
6.433824926201594
3.4597640242254095
7.564688207668953
4.620057458167739
5.076716682913494
7.751401687654589
12.319238357259715
2.821615658836931
1.8703239057631846
10.021407493953248
1.8461536618336711
1.1349056660431163
4.969008480462715
2.709372755078684
7.181328822193021
6.40051759063618
7.8496366056337505
6.7197465687655535
8.067975576655797
8.094541763985406
4.316726497117996
9.211925912957321
1.0514671492507162
0.3976947876731104
-1.0974178317327337
0.529057034283629
13.352665238943878
5.9318340749260425
7.933700397700555
5.918268551046874
1.5494139677971093
10.303364453664855
9.096702890966947
6.672045273375475
4.903804534160167
4.30081754326528
0.843547915002063
1.8720641940782943
5.662820417234816
2.428929567492582
5.0760152465919335
0.17269736784984607
0.4623644914665044
6.7934733466653805
-1.271601173065677
6.063452422520998
5.9455965751282855
5.783313126285904
7.348762553696878
5.561817068989428
5.768510702487963
1.8707560449024596
1.9750604430492484
7.485883092355235
3.262240171992455
2.7333111966345944
4.855492564929769
4.595727278459278
9.06296229843762
7.261071080745478
-0.3924599624486155
3.979303768550433
9.18874259591837
0.35310145315870056
-0.9599936268031898
-1.43164038980429
10.681267734522056
7.198212145729431
4.755450150315404
5.75484694796858
6.631023944333222
2.2703656335146007
7.080521572414198
5.997316080355335
8.58166245486505
6.294877090085001
5.954524807729695
-0.23587499605980145
9.912341750842772
5.131171491625642
0.38603608535201933
2.2259481344889522
6.841804413818266
7.673114646578865
4.51703986529995
5.214384096439884
7.173678145624521
4.670371093662748
11.223561199536858
5.991363649732092
8.15623023627088
7.581557370037786
1.281961971597996
9.053854902517955
8.286267686507859
4.926025764823664
4.708713331338617
0.2798385718296057
2.8960837448348196
9.438018994683095
6.081961946238003
8.273779225874819
5.335060867898977
4.800171163902974
0.5457295905853012
-3.624693689302653
4.347188266219483
6.478513745204704
6.787388626614677
2.6906641545123824
2.755847078449981
10.055193775566933
4.438362553042174
4.481431219480731
5.34636155739066
7.897725081629046
0.9616991622887539
1.4127015268631287
8.630640748127268
9.788241422507024
6.7158335203665995
7.986650968121313
8.570476579070872
8.27260714204289
5.106015009291155
4.801238297866068
2.2010206698714176
7.7071802353480034
10.571539860984576
10.3838848119736
6.414886314329291
3.0316753994601124
8.528177511909794
5.882029628918929
3.2026174342677605
5.6830523663935
6.11853843686057
5.50029319713452
8.755245266173707
2.536274334265023
0.6385367810139545
1.8591176110457224
1.296512149105476
4.283017102572261
3.441675405302988
0.5109962347223871
0.2908484287888655
7.773808277931752
11.604926527572232
9.029053461644308
4.001614117630957
8.029405546107926
2.6652229584452347
2.8814647695992432
5.395227326068792
0.7264627389237457
4.112261428180425
3.1604151105853244
6.798147805728119
3.8248144506832924
0.8835971091836167
9.266828113866495
6.62413032995173
8.635362522735978
0.9940751203376982
0.769932655354581
4.886288308615723
-0.43171044118213275
5.308688472755319
9.518667502945398
5.691460307183606
4.598870040304889
10.058441100423137
5.660485042614398
6.474222467963665
0.2516733810171764
9.73665983171819
0.6813116278832156
3.553109114691848
-0.12303793476325431
3.763846334322883
9.39666626495041
-0.3397831490479535
2.925744431915273
3.2218274544680523
8.658470019108547
-2.4549555012665993
5.378055085240131
1.6016334995058734
3.8987076646059826
9.082441271610165
6.91285422019907
1.742812118153775
7.372591266247518
7.173949387474464
2.9357561307276843
9.611781254342963
8.338064708718571
4.9215737179619685
3.2911356822453484
6.978706209146724
8.80811372641547
6.748685234365985
1.6888934341835768
3.137864118482197
9.444186567728396
2.684540407741079
-0.605895558133867
0.5904412742085535
2.842422450259239
9.232538648694284
10.994356941572237
9.742741464176296
4.390986428018294
7.302559781502094
6.520195448820856
6.693450258100858
1.0345422958693176
3.4568714668747456
4.646327426121689
7.9562606655538195
2.5402834950052045
5.901266730060616
1.1208577269432998
8.668160050002246
1.248055432609425
0.6343008817227185
-2.2295987305349634
0.8970533480994757
10.516704048371066
10.566740819635125
2.9704544259295758
9.223511060688606
2.234749173140144
4.3300387755837155
5.229618594415374
3.943325584249254
0.8893061384228705
2.1922257048458262
5.83850578952241
5.672728457307983
4.210651252277667
4.1565463474624105
2.412750638230056
2.2686097482487515
5.342418825737358
5.6213283361346456
4.942146071011282
3.8183598445870865
6.141459568282738
10.38675995139534
11.784927619662824
5.137576394975254
4.498381740178553
4.258763364457849
4.22785934662428
6.538721013363698
1.1688675757048785
0.7470794306912613
5.241107176312393
0.7679688005108369
0.6494307011628829
1.830189535084057
1.7133562872808406
4.625202963318682
1.8314396849522967
5.179114446827967
-0.798913256592408
3.7109716216778015
2.2693209998098776
3.5717485663619555
9.40865870002675
3.879106664712307
3.145695215573881
4.030047855786453
3.262411580528718
4.8205412628640465
2.319269182936303
9.187445152714954
5.016930834557889
9.408098719109137
8.27430354810449
1.912721574304686
4.283643950936442
2.7066980621449086
8.440049970368817
8.579425194337533
1.382576111101686
1.2464313055537248
2.099984746031348
1.9832708304763351
7.75880557442266
4.522984095743351
1.124699702818001
1.4576657894293055
3.1357421395174043
2.054180936929652
3.7537697285626015
4.664681040039025
7.708758072809887
6.036050586374138
1.6302944071215222
5.232633463760598
2.5175569470565473
-0.06028448187992633
3.6708684728434973
7.06283742073244
7.943424719464871
1.4919184235964587
1.9867773387640066
0.07964557795179572
4.278748328045164
7.346371385097225
2.4120366751123905
9.482073959417182
6.6977981783288705
2.0148632050948234
9.51811664899456
9.470660333589748
2.6039718439507435
8.900650493308726
9.296593679790224
8.429178164174045
6.183243657201853
2.836711957064116
0.6778130249439486
7.885642450861161
3.7038706321738832
3.1422678088481195
0.6910337578411351
0.2994461450667011
7.441947289166517
9.515998726610796
10.302779406724152
6.403117537220918
0.6788347861756183
1.4092885104161752
1.975094860315627
6.822203235304013
2.3047562771879253
10.068062043383788
8.695647877397626
2.267358200278527
8.487624047300928
4.031552440953761
4.849985345144711
7.502994080054862
0.09099683541036667
8.665297525522368
3.8932889509282735
-2.1128325913215265
9.322881215598056
9.076471698129962
12.025741621756367
2.670809060584988
5.8737140787138795
1.21293173917065
5.22843326192718
2.420751040784412
6.438493648485661
8.499322800933012
9.231449887736053
2.3740031546969913
3.3830596067276564
6.3687831032533
6.301863402561656
6.5675409726422345
1.8521783051751213
7.627418122236449
0.9820990432788363
5.0027953119795265
4.823844098761933
8.696729075585019
6.589188710015225
7.791209862435054
0.9447158211574535
9.138655016510196
9.145935453492967
5.622895697043835
2.5096614621696074
0.7259244029103703
2.636793997796473
3.0767919178582144
7.914700510239701
6.452984104604413
8.229492452825763
0.8376156162149383
8.901708713842687
7.041613912799148
1.2157538257292029
-1.819595400171732
6.153219729777609
10.023579312270854
13.151248936831513
7.937617216924148
9.425765493927578
2.6572022706263745
5.546517851859636
3.9038914365488115
3.5213344948762346
8.6715973131398
10.426800694425365
7.687866024885979
8.34714449792105
8.893382660452673
3.4210661201465196
7.5599504501381665
0.2175478729040622
3.2240916955934242
7.993386984879708
1.4805568997172969
-3.2850295931280282
7.950957065075381
9.166954998192338
5.948508051114193
10.383601384607264
8.261215820781164
10.388585705273428
8.201979166540891
8.178611691533323
8.250437398174052
0.9410125877468648
5.2925638999326345
0.3065636683671742
4.373832321689281
4.106968199662634
6.421568074767803
3.5151967857052
9.356041728779116
3.1827712739739384
0.02075175432180576
0.688104389635867
1.637331770736978
11.091546837847222
10.546855997510209
10.619439044192829
7.997973646346774
9.638946638210147
4.699757415059817
2.2268863298291954
5.515858572089337
2.60980430393618
4.885159888596501
1.2283686028128151
5.63580047368086
4.800052171125896
7.757749371569857
7.791189914382742
1.71892605848116
8.23291682697376
4.971847643192699
3.2488896069896085
5.687201218960849
5.516866518267621
10.83465920458415
10.27904266305853
8.688275121775115
1.9111428130324606
10.633456109703502
8.776001976847082
9.338214815184939
5.801678491290978
2.5406809742037186
8.011856527422024
5.478644909689088
3.8105019754752787
8.361508264533105
5.751000258368105
5.401650006735757
5.1485823129666475
1.5800352423843709
1.6199150503078672
0.5523101832170699
5.28156523460745
5.404872011292763
4.282801813555661
2.697183683827772
7.936745325053634
7.824140534232704
1.3198018145034554
0.8491070754034636
2.8934922603363216
6.227098517165001
3.954865139397529
-0.0450507117229898
6.718137977129011
6.967118050920506
9.618525564073042
7.163636370202692
8.317323978680498
6.315595630847561
-1.0771826311334283
5.90257146237116
3.3222549652950844
2.771437866054858
9.094507185580223
11.626057913358364
5.468868301523369
7.796927096605925
5.583065205115192
10.207119809236275
5.0522379520867
5.845717311734922
6.776780716200027
8.068713508475314
4.244840395767968
7.276211422527818
6.870673613102418
9.0791204842957
7.653584027243322
7.860979846264203
1.169860921895379
4.466584038297844
-3.1825542098928215
1.2453494476390083
8.021977137195023
5.856241668246456
8.310438967262474
6.593393162548129
5.31754621570923
10.614814850308102
4.62162504445779
3.137684526618987
3.840360585599481
6.472494909668205
7.68769717786088
6.257932976181335
2.0542041209285067
1.587140451545923
4.555120114790139
9.32904565308524
2.6568998133649107
6.650196487190578
5.516201174959005
1.8771976312033463
8.486877685892978
13.49642369280688
9.808598326188925
5.6850920359629225
2.727469028038627
7.953521461061056
3.967819034711966
7.208041502631647
1.5533209455006127
3.90934468528636
7.3478885431242835
9.381264129015383
7.024578622020104
8.632255007141461
4.75331543385596
5.843645489573937
6.517739132160378
8.113057877990434
1.0382121777419906
-2.359843705252156
1.51521391790167
11.972230479495193
4.361270309787283
7.758511251911527
6.331945051908676
1.9044466739212682
5.156766172427612
6.5921630887224705
3.369029617013848
5.460052297730697
3.2216929682555775
2.424318551096746
4.697565775554927
0.7068983361548984
6.2813423800445465
2.415073255483331
5.2663258172505
3.4216113318957926
-1.616777232940425
5.637885814404113
7.081786808824133
4.251601281230336
5.244897061322474
2.5608767824354928
7.764843448676276
0.99466200268742
9.913017927306534
8.020114470821749
4.809593817689769
1.0384715708512184
2.6106318428282855
1.549406650250968
0.7212832501614084
3.8002522606377083
6.4855790820262875
1.8993723537050302
0.7853207840059963
8.905148231366752
6.899060634322533
-3.2127725628487527
-1.1124831185660482
9.524561415598294
13.397483542773402
8.47063484524328
4.26793958861428
9.645584715245715
5.950389674785366
5.321553692817961
4.500722829754301
6.028384150938179
6.26113272407395
9.433072465602791
3.3556314298309995
3.5215100261987446
9.269957847105118
1.742405342903617
4.41324804149817
6.919709979830082
5.533336395475943
-0.8540130486649112
-1.3463925623200694
5.050477960655732
9.68255647268723
9.987372210755257
5.446912835495476
0.00840080961027052
3.971623650954494
9.258558335753069
7.332657683545882
4.473310749228092
3.163464927583357
5.398307469466822
4.284280027291275
3.9961091022638358
2.593674194054222
1.1785047260114094
5.533838810150946
1.87073753861967
6.337854565395612
6.834127105373736
3.077581641971019
1.8467777356201283
12.620369104265762
9.926407803555517
11.229435439157937
5.142433214577474
9.40971698110827
10.4790814636001
9.543095482638845
6.8130409924346464
4.227196010218831
1.7145691167002708
2.0793179207653374
0.5289469412789669
6.642110633613047
7.582746448775011
1.3782498340787788
5.555756729205358
0.9088351452635133
6.336336164057771
6.211955075671615
1.916243925760706
4.603543064429202
7.757485346123393
2.889787923133901
2.924830303881552
4.327874551604833
3.253327951802568
5.756292568301908
4.803894384121965
6.706163866338468
6.513630577273728
5.590227362964223
3.485069057398916
5.059052423496805
1.7693346046220546
1.61361978050378
5.658848161748099
6.729595544775854
5.879550662747119
6.197707215389359
-1.2088065588847523
2.2137462567433652
12.2487413882756
10.486988257321093
1.9696810430008669
7.806215941962839
7.192329037369817
4.809325807588816
5.960861649422581
4.468096139743092
6.11863831634682
6.638847398979222
8.352757584743536
5.163297034681457
7.189504706553404
8.712254686308832
6.55589710162274
4.232708264210749
1.5537025295407032
-1.9849474094412658
-3.690727719563359
0.4204541565373805
7.368708374650787
8.106982271133269
1.7798978500262534
7.617904092346848
7.753942707120367
4.555144303218011
8.617347509913147
3.9893202075135576
6.0015075851198025
10.073660892505773
3.524840873742197
8.171220028823456
7.212239443077936
9.078255546545632
5.972256556962788
0.8117456332337429
5.888816723892943
3.2075502002295027
2.7267912535865917
6.167946236942437
5.260551046944378
12.908162517360187
9.356386520352244
2.0313580760948855
4.015810200288269
5.756201036703312
6.512898213586196
2.300027720040814
0.06934383125060879
4.473562089887084
